92
1011 1055 24 24
101 825 24 24
1033 1219 36 36
1044 1267 24 24
1046 921 24 24
1072 1299 24 24
1100 1017 24 24
1110 1159 24 24
1113 1356 24 24
1117 1370 24 24
1121 1049 24 24
1128 1340 24 24
1129 1246 24 24
1133 1296 24 24
1135 1385 24 24
1145 1325 24 24
1157 1300 24 24
1158 1389 24 24
1159 973 24 24
1163 1158 24 24
1165 1242 24 24
1174 1289 24 24
1179 1364 24 24
1186 1265 24 24
1190 1393 24 24
1213 1360 24 24
1231 1250 24 24
1237 1357 24 24
1244 1023 24 24
1254 1384 24 24
1263 1122 36 36
1264 1103 24 24
1270 1223 24 24
1271 1204 24 24
1287 1301 24 24
1292 1335 24 24
1296 1424 24 24
1318 992 24 24
1332 1256 24 24
1347 1175 24 24
1376 1138 24 24
1397 957 24 24
1414 1419 24 24
1421 1247 24 24
1426 1331 24 24
1451 1224 24 24
1468 1293 24 24
1470 1147 36 36
1498 1202 36 36
237 738 24 24
257 805 36 36
279 779 24 24
322 794 24 24
332 875 36 36
371 889 24 24
396 816 36 36
409 779 36 36
423 753 36 36
424 882 24 24
433 939 24 24
451 979 24 24
460 921 24 24
482 985 24 24
483 963 24 24
485 939 24 24
493 904 24 24
497 959 24 24
518 942 24 24
528 1027 24 24
583 987 24 24
606 1049 24 24
633 1035 24 24
659 994 24 24
671 1062 24 24
679 935 36 36
729 1071 24 24
735 1043 24 24
775 1060 24 24
794 1037 24 24
837 1031 24 24
861 1069 24 24
874 1120 24 24
891 1073 24 24
901 1160 24 24
919 1119 24 24
921 1027 24 24
921 1160 24 24
940 854 36 36
949 1147 24 24
960 1057 24 24
991 1033 24 24
994 1064 24 24
