68
1106 1132 36 36
1113 1210 24 24
1137 1183 24 24
1166 1188 24 24
1184 1425 36 36
1198 1482 24 24
1207 1289 24 24
1214 1512 24 24
1218 1059 24 24
1219 1294 36 36
1220 1451 24 24
1223 1322 24 24
1233 1369 24 24
1243 1497 24 24
1244 1533 24 24
1251 1323 24 24
1262 1244 24 24
1265 1201 24 24
1271 1397 24 24
1307 1260 36 36
1318 1390 24 24
1318 1534 24 24
1323 1118 24 24
132 839 36 36
1339 1245 36 36
1349 1326 36 36
1419 1010 36 36
1426 1037 24 24
1455 989 24 24
1495 1308 24 24
159 1015 36 36
159 958 24 24
200 940 24 24
224 951 36 36
264 858 36 36
307 1011 24 24
312 977 36 36
324 932 48 48
361 1059 36 36
363 986 36 36
370 1028 36 36
400 1078 36 36
423 847 36 36
443 1039 36 36
476 819 24 24
513 837 36 36
572 1061 36 36
582 953 24 24
588 1153 24 24
619 1145 36 36
660 1140 36 36
667 1027 48 48
668 706 36 36
697 1098 24 24
703 1217 36 36
717 1188 24 24
735 1269 36 36
744 1009 36 36
749 1211 36 36
752 1114 36 36
77 865 36 36
784 1357 36 36
790 1225 24 24
843 1210 24 24
852 964 36 36
875 1141 36 36
954 1172 48 48
998 1002 36 36
