68
1032 978 36 36
1060 1000 24 24
108 773 36 36
1137 994 36 36
1140 1019 36 36
1149 1053 36 36
1162 1095 24 24
1179 1104 24 24
1213 1035 36 36
1246 1026 36 36
1263 1194 36 36
1263 1268 24 24
1266 1113 24 24
1267 1067 24 24
1280 1273 24 24
1287 1059 36 36
1290 1286 36 36
1291 1348 24 24
1291 984 36 36
1300 1199 36 36
1302 1376 24 24
1316 1027 24 24
1323 1350 24 24
1327 1125 36 36
1347 1171 24 24
1358 1217 24 24
1363 1089 36 36
1367 1132 24 24
1373 1254 24 24
1383 1153 36 36
1419 1240 24 24
1419 1428 24 24
1422 1045 36 36
1424 1121 36 36
1478 832 36 36
165 772 36 36
167 694 36 36
214 807 24 24
223 821 24 24
252 824 24 24
305 814 24 24
306 841 36 36
320 795 24 24
323 814 24 24
356 1051 36 36
385 797 36 36
389 866 24 24
397 904 36 36
450 914 24 24
468 830 36 36
480 958 36 36
519 1099 36 36
522 959 36 36
560 954 36 36
573 850 36 36
646 982 36 36
680 1073 36 36
690 990 36 36
706 873 36 36
733 1080 36 36
738 1011 36 36
745 905 36 36
776 870 24 24
796 1078 36 36
858 803 36 36
940 921 24 24
985 957 36 36
99 756 24 24
