68
1002 1238 36 36
1009 1189 36 36
1032 1279 36 36
1080 1258 24 24
1105 1260 24 24
1126 1181 24 24
1161 1421 36 36
1169 1290 36 36
1171 1604 24 24
1171 1630 24 24
1177 1391 36 36
1184 1222 24 24
1188 1243 36 36
1193 1559 24 24
1194 1411 36 36
1203 1377 36 36
1206 1540 24 24
1208 1231 36 36
1211 1619 36 36
1223 1454 36 36
1228 1219 36 36
1257 1573 36 36
1268 1362 36 36
1273 1630 36 36
1277 1439 24 24
1322 1443 36 36
1385 1325 24 24
1393 1161 36 36
1399 1319 24 24
1401 1531 36 36
1421 1370 36 36
1422 1214 36 36
1430 1252 24 24
1450 1498 36 36
1456 1247 36 36
1470 995 36 36
1475 1500 36 36
148 860 24 24
156 931 36 36
190 951 36 36
248 974 36 36
308 1027 24 24
324 942 36 36
348 1147 36 36
349 955 36 36
353 1196 36 36
388 1036 36 36
40 883 36 36
430 1061 36 36
453 1065 36 36
456 884 36 36
461 1015 36 36
488 989 36 36
494 1145 36 36
498 1010 36 36
500 1062 36 36
519 1234 36 36
526 905 36 36
537 1167 36 36
554 880 24 24
561 1071 36 36
590 1135 36 36
591 906 36 36
643 1072 24 24
658 1296 36 36
690 1474 24 24
69 849 36 36
82 888 36 36
