53
116 857 36 36
1243 1079 36 36
1270 1174 36 36
1277 1208 36 36
1299 1056 36 36
1303 1338 36 36
1307 1145 36 36
1322 1108 36 36
1338 1220 36 36
1343 1274 36 36
1351 1142 24 24
1357 1102 24 24
1361 1117 36 36
1362 1165 36 36
1375 1062 36 36
1385 1290 36 36
1395 1581 24 24
1402 1450 24 24
1411 1518 24 24
1412 1324 36 36
1414 1074 36 36
1419 1101 36 36
1419 1271 36 36
1449 1064 36 36
1450 1558 24 24
1463 1347 36 36
1467 966 36 36
1471 1411 36 36
1479 1132 36 36
1489 1526 24 24
183 886 36 36
211 928 36 36
245 843 24 24
280 869 36 36
284 852 24 24
304 882 36 36
311 928 36 36
338 953 36 36
367 984 36 36
387 922 36 36
391 890 36 36
419 944 36 36
504 1013 36 36
506 946 36 36
549 1112 36 36
617 1099 36 36
644 1037 36 36
669 1090 36 36
692 1114 36 36
733 1009 36 36
792 1207 24 24
80 849 36 36
810 1211 36 36
