40
451 23 36 36
461 97 24 24
487 75 24 24
514 167 24 24
545 175 24 24
546 425 24 24
548 143 24 24
555 602 24 24
564 189 24 24
578 527 24 24
600 242 36 36
601 941 36 36
621 271 24 24
624 655 24 24
640 240 24 24
642 298 24 24
648 524 24 24
664 867 24 24
673 728 24 24
675 956 24 24
691 308 24 24
695 352 24 24
697 875 24 24
708 281 24 24
716 484 24 24
718 997 24 24
719 900 24 24
726 318 24 24
733 767 24 24
761 935 24 24
814 776 24 24
832 843 24 24
838 793 24 24
839 993 24 24
848 715 24 24
858 893 24 24
911 899 24 24
940 736 24 24
949 908 24 24
977 193 24 24
