110
1007 1216 24 24
1018 1002 36 36
1035 909 36 36
1036 1117 24 24
1037 1054 36 36
1041 1200 24 24
1054 879 24 24
1067 1259 24 24
1073 1303 24 24
1078 1148 24 24
1081 1359 24 24
1089 1309 24 24
1094 1035 24 24
1095 1001 24 24
1099 964 24 24
1105 1329 24 24
1109 1277 24 24
1113 1081 24 24
1113 1382 24 24
1127 1277 24 24
1130 1167 24 24
1132 1198 24 24
1134 1220 24 24
1136 1411 24 24
1137 1123 24 24
1145 1340 24 24
1154 1265 24 24
1157 1357 24 24
1162 1392 24 24
1163 1304 24 24
1169 1121 24 24
1178 1175 24 24
1186 1141 24 24
1187 1353 24 24
1207 1353 24 24
1222 1103 24 24
1231 1180 24 24
1242 1436 24 24
1244 1209 24 24
1245 1150 24 24
1258 1422 36 36
1259 1238 24 24
1284 1512 36 36
1290 1134 24 24
1296 1225 24 24
1307 1329 24 24
1350 816 36 36
1351 1405 36 36
1355 1148 24 24
1362 1320 24 24
1369 1468 24 24
1386 1310 24 24
1386 1447 24 24
1397 1286 24 24
1421 1262 24 24
1434 1234 24 24
1440 1374 36 36
1466 1263 24 24
1476 1167 24 24
147 900 24 24
1488 1112 24 24
1496 1041 24 24
152 873 24 24
156 844 24 24
26 869 24 24
302 869 24 24
315 827 24 24
350 887 36 36
368 964 36 36
415 945 24 24
428 893 36 36
472 981 24 24
483 953 24 24
484 970 24 24
488 999 24 24
491 1028 24 24
511 858 36 36
542 1017 24 24
542 961 36 36
567 988 24 24
569 1018 24 24
569 1036 24 24
589 1017 24 24
597 962 24 24
640 1065 24 24
722 871 24 24
726 1159 24 24
745 938 24 24
793 1105 24 24
84 945 24 24
855 1214 24 24
875 1241 24 24
877 1206 24 24
887 1259 24 24
890 1114 24 24
900 1234 24 24
902 1128 24 24
913 1025 24 24
921 1263 24 24
924 1290 24 24
925 1188 24 24
926 1151 24 24
926 1219 24 24
948 1147 24 24
949 1236 24 24
959 1167 24 24
975 1173 24 24
982 1286 24 24
985 1342 24 24
988 1248 24 24
