93
1000 982 24 24
1021 1145 24 24
1021 1186 24 24
1032 1032 24 24
1051 1100 24 24
1059 1125 24 24
1060 1075 24 24
1064 1151 24 24
1073 1268 24 24
1075 1206 24 24
1082 1317 24 24
1093 1234 24 24
1095 1124 24 24
1134 1278 24 24
1136 1311 24 24
1151 1191 24 24
1163 1266 24 24
1180 1217 24 24
1192 1255 24 24
1196 1348 24 24
1240 1206 24 24
1242 1308 24 24
1244 1326 24 24
1262 1371 24 24
1262 1397 24 24
1274 1349 24 24
1286 877 36 36
1295 1403 24 24
1299 1266 24 24
1309 1424 24 24
1312 1402 24 24
1315 1371 24 24
1322 1134 24 24
1323 1460 24 24
1330 1421 24 24
1333 1114 24 24
1334 1321 24 24
1342 1281 24 24
1344 1463 24 24
1353 899 36 36
1355 1204 24 24
1365 1321 24 24
1366 1363 24 24
1368 1381 24 24
1369 1059 24 24
1379 1481 36 36
1382 1369 24 24
1385 1164 24 24
1387 1034 24 24
1387 1080 24 24
1395 1002 36 36
1419 1463 36 36
1443 1476 36 36
1449 1443 24 24
1451 1137 24 24
1455 1416 24 24
1479 1475 24 24
1483 1078 24 24
1489 1434 24 24
1501 1248 24 24
1510 1185 24 24
287 735 24 24
307 716 24 24
332 700 24 24
336 780 24 24
410 746 24 24
425 768 24 24
543 802 24 24
544 824 24 24
615 811 24 24
686 935 24 24
693 879 24 24
703 896 24 24
705 917 24 24
706 784 24 24
722 884 24 24
725 938 24 24
807 1040 24 24
821 1085 24 24
829 967 24 24
834 1026 24 24
836 991 24 24
841 1070 24 24
880 967 24 24
901 1100 24 24
907 903 24 24
937 1189 24 24
962 1172 24 24
968 1041 24 24
969 1079 24 24
972 1007 24 24
974 1133 24 24
994 1143 24 24
