163
1002 1302 36 36
1007 1406 24 24
1015 1473 36 36
1026 1320 36 36
1032 1358 24 24
1032 1384 24 24
1052 1302 36 36
1052 1472 36 36
1056 1522 36 36
1061 1647 36 36
1081 1401 24 24
1082 1618 24 24
1083 1326 36 36
1083 1544 36 36
1089 1605 24 24
1100 1631 36 36
1103 1120 36 36
1109 1437 36 36
1109 1483 36 36
1113 1610 24 24
1115 1516 24 24
1117 1533 24 24
1117 1577 36 36
1120 1381 24 24
1129 1600 36 36
1137 1485 24 24
1138 1561 36 36
1140 1516 36 36
1142 1370 24 24
1149 1640 24 24
1156 1694 24 24
1157 1296 24 24
1158 1192 36 36
115 979 24 24
1163 1320 24 24
1163 1537 36 36
1170 1252 36 36
1187 1448 24 24
1189 1307 36 36
1194 1503 36 36
1207 1461 24 24
1208 1325 24 24
1211 1420 24 24
1216 1444 24 24
1218 1690 24 24
1223 1534 24 24
1226 1462 24 24
1227 1648 24 24
1232 1278 24 24
1233 1680 24 24
1246 1520 36 36
1249 1618 36 36
1251 1403 24 24
1255 1651 36 36
1259 1554 36 36
1278 944 36 36
1279 1306 24 24
1282 1637 24 24
1290 1383 24 24
1291 1414 24 24
1294 1434 24 24
1296 1275 24 24
1296 1335 24 24
1298 1537 36 36
1309 1328 24 24
1322 1466 24 24
1323 1444 24 24
1324 1347 24 24
1328 1385 24 24
1331 1425 24 24
1337 1501 24 24
1357 1382 24 24
1362 1316 24 24
1370 1542 36 36
1376 1505 24 24
1379 1366 24 24
1390 1558 36 36
1395 1585 36 36
1400 1512 24 24
1401 1230 24 24
1401 1364 24 24
1402 1313 24 24
1402 855 48 48
1417 1282 24 24
1423 1554 36 36
1425 1448 24 24
1440 1374 24 24
1457 1435 24 24
1460 1363 24 24
1461 1260 24 24
1466 1406 24 24
1475 1269 24 24
1511 1277 24 24
221 1026 24 24
313 965 24 24
324 1004 24 24
341 983 24 24
347 1046 36 36
37 948 24 24
395 967 36 36
425 1050 24 24
434 1123 24 24
437 1069 24 24
443 1097 36 36
444 1145 36 36
466 1083 24 24
472 1141 36 36
485 1228 36 36
487 1023 24 24
48 925 24 24
504 1172 24 24
523 1155 36 36
543 1211 24 24
558 1200 24 24
559 1165 36 36
568 1231 24 24
569 1088 24 24
570 1280 24 24
58 946 24 24
5 893 36 36
609 1250 24 24
612 1275 24 24
631 1229 24 24
631 1266 24 24
635 1193 36 36
663 1144 36 36
677 1173 36 36
681 1121 36 36
696 1201 36 36
753 1187 24 24
758 1373 36 36
760 1161 24 24
760 1227 24 24
772 1212 24 24
781 1134 36 36
793 1215 24 24
793 1374 24 24
798 1403 24 24
806 1341 24 24
813 1285 24 24
823 1307 24 24
839 1442 36 36
842 1336 24 24
844 1125 24 24
851 1472 36 36
857 1404 36 36
891 1439 36 36
895 1390 36 36
899 1414 36 36
915 1342 36 36
927 1485 36 36
936 1310 36 36
936 1389 36 36
947 1362 36 36
959 1457 36 36
962 1411 24 24
975 1492 36 36
981 1449 36 36
985 1265 36 36
988 1472 36 36
989 1551 24 24
990 1345 36 36
990 1430 24 24
