42
1014 823 24 24
1019 915 24 24
1023 861 24 24
1025 934 24 24
1038 916 24 24
1049 959 24 24
584 81 24 24
630 279 24 24
631 188 24 24
649 182 24 24
653 351 24 24
677 321 24 24
680 198 24 24
689 313 24 24
694 616 24 24
699 184 24 24
736 372 24 24
741 765 24 24
745 326 24 24
752 630 24 24
758 304 24 24
766 815 24 24
778 896 24 24
782 643 24 24
787 427 24 24
791 997 24 24
795 482 24 24
804 347 24 24
805 933 24 24
833 327 24 24
835 858 24 24
842 374 24 24
847 315 24 24
858 373 24 24
861 588 24 24
889 937 24 24
914 737 24 24
916 904 24 24
925 845 24 24
936 802 24 24
950 649 24 24
976 948 24 24
