152
1001 1526 24 24
1006 1238 24 24
1008 1181 36 36
1009 1473 24 24
1011 1446 24 24
1017 1345 24 24
1020 1519 24 24
1025 1319 24 24
1037 1523 24 24
1038 1404 24 24
1042 1543 24 24
1046 1248 24 24
1049 1510 24 24
1050 1414 24 24
1052 1190 36 36
1058 1276 24 24
1064 988 36 36
1073 1494 24 24
1074 1473 24 24
1078 1231 24 24
1078 1432 24 24
1081 1534 24 24
1091 1465 24 24
1092 1172 36 36
1092 1253 24 24
1104 1281 24 24
1105 1232 24 24
1105 1412 24 24
1105 1570 24 24
1106 1587 24 24
1108 1619 24 24
1112 1064 24 24
1112 1385 24 24
1113 1254 24 24
1123 1318 24 24
1127 1564 24 24
1129 1142 36 36
1129 1338 24 24
1134 1099 36 36
1134 1616 24 24
1142 1539 24 24
1145 1370 24 24
1146 1311 24 24
1146 1447 24 24
1147 1584 24 24
1150 1227 36 36
1150 1601 24 24
1153 1468 24 24
1156 1267 24 24
1156 1551 24 24
1157 1183 36 36
1167 1296 24 24
1168 1452 24 24
1185 1440 24 24
1188 1568 24 24
1193 1315 24 24
1199 1444 24 24
1223 1452 24 24
1224 1503 24 24
1227 1579 36 36
1230 1303 36 36
1232 1246 36 36
1232 1477 24 24
1252 1328 36 36
1254 1362 24 24
1270 1393 24 24
1271 1238 36 36
1283 1437 24 24
1292 1163 36 36
1294 1396 24 24
1298 1256 36 36
1298 1314 36 36
1298 1499 24 24
1314 1383 24 24
1315 1291 36 36
1329 1499 24 24
1339 1481 24 24
1341 1314 36 36
1357 1185 36 36
1358 1515 24 24
1363 1495 24 24
1366 1660 36 36
1367 1230 36 36
1374 1283 36 36
1394 1376 24 24
1417 1412 24 24
1429 1346 24 24
1433 1378 24 24
1466 1056 24 24
1480 1134 24 24
1483 1210 36 36
1489 1047 24 24
1492 1069 24 24
1495 1095 24 24
359 771 36 36
381 860 36 36
427 840 36 36
430 714 36 36
431 908 36 36
464 908 36 36
471 877 24 24
480 983 24 24
486 955 24 24
517 989 24 24
539 876 24 24
553 905 36 36
557 841 24 24
560 952 24 24
563 858 36 36
566 976 24 24
576 1075 24 24
580 894 36 36
585 1037 24 24
603 1144 24 24
611 937 36 36
673 1014 36 36
687 1036 36 36
702 999 36 36
723 1095 24 24
731 1076 24 24
734 1133 24 24
755 1146 36 36
757 1114 36 36
775 1061 24 24
785 1041 24 24
794 1151 36 36
794 942 24 24
813 1113 36 36
840 1096 36 36
862 1237 24 24
866 1257 36 36
871 1208 24 24
874 1301 36 36
891 1149 36 36
898 1195 24 24
899 1242 36 36
916 1355 36 36
927 1410 36 36
932 1281 24 24
933 1207 24 24
936 1152 36 36
954 1213 24 24
959 1347 36 36
962 1297 24 24
966 1179 36 36
966 1238 24 24
966 1450 24 24
982 1098 24 24
986 1238 24 24
991 1080 24 24
993 1385 24 24
995 1318 24 24
