102
1009 1396 24 24
1012 1269 24 24
1020 989 24 24
1027 1185 24 24
1032 1083 24 24
1040 1349 24 24
1046 1372 24 24
1060 1338 24 24
1061 1366 24 24
1074 1098 24 24
1082 1002 24 24
1084 1263 24 24
1086 1278 24 24
1087 1295 24 24
1094 1167 24 24
1110 1099 24 24
1114 1120 24 24
1148 1034 24 24
1148 986 24 24
1150 1089 24 24
1161 1171 24 24
1172 1413 24 24
1173 1260 24 24
1181 1144 24 24
1187 1346 24 24
1195 1427 24 24
1227 1107 24 24
1231 1419 24 24
1237 1387 24 24
1246 994 24 24
1256 1315 24 24
1256 1382 24 24
1276 1085 24 24
1276 1388 24 24
1285 1098 24 24
1307 1021 24 24
1326 922 24 24
1359 1045 24 24
1361 1386 24 24
1384 924 24 24
1411 890 24 24
1415 1130 24 24
1422 1184 24 24
1434 964 24 24
1459 1270 24 24
1461 1180 24 24
1462 1197 24 24
270 850 36 36
299 842 36 36
31 727 24 24
335 790 36 36
335 899 24 24
368 925 24 24
37 765 24 24
392 958 24 24
393 1008 36 36
398 884 24 24
408 939 24 24
452 982 24 24
453 762 24 24
463 1045 24 24
468 826 36 36
484 970 24 24
488 1009 24 24
498 925 24 24
539 1047 24 24
545 887 36 36
558 922 24 24
569 1064 24 24
573 1040 24 24
577 871 24 24
580 814 24 24
580 972 24 24
632 894 24 24
644 1021 24 24
660 1040 24 24
708 1067 24 24
713 1039 24 24
724 1128 24 24
755 994 24 24
758 1070 24 24
762 1128 24 24
790 1080 24 24
795 1020 24 24
811 1144 24 24
829 1177 24 24
836 1201 24 24
839 1075 24 24
839 976 24 24
842 996 24 24
846 1013 24 24
858 763 24 24
880 1078 24 24
885 1097 24 24
907 1013 24 24
910 1097 24 24
919 1252 24 24
927 1075 24 24
928 1167 24 24
932 1104 24 24
988 1146 24 24
993 1407 24 24
