123
1015 1110 24 24
1020 1448 24 24
1028 1182 36 36
1045 1459 36 36
1045 1532 24 24
1054 1418 24 24
1070 1401 24 24
1071 1551 24 24
1073 1131 36 36
1074 1499 24 24
1075 1523 24 24
1077 1227 36 36
1078 1448 24 24
1091 1476 24 24
1095 1294 24 24
1116 1547 24 24
1117 1414 36 36
1123 1180 36 36
1125 1490 24 24
1127 1237 24 24
1127 1341 36 36
1129 1277 36 36
1142 1600 24 24
1146 1497 24 24
1147 1248 24 24
1162 1450 24 24
1167 1142 36 36
1167 1341 36 36
1169 1550 24 24
1178 1502 24 24
1182 1224 24 24
1185 1381 36 36
1186 1608 24 24
1190 1439 24 24
1192 1566 24 24
1196 1331 24 24
1206 1558 24 24
1210 1315 24 24
1212 1612 24 24
1213 1271 24 24
1214 1297 24 24
1216 1381 36 36
1222 1465 24 24
1228 1248 24 24
1234 1488 24 24
1242 1615 36 36
1257 1556 24 24
1259 1532 24 24
1262 1462 36 36
1266 1392 24 24
1267 1416 24 24
1281 1567 24 24
1290 1614 24 24
1294 1199 24 24
1308 1461 24 24
1314 1135 24 24
1318 1246 24 24
1322 1385 24 24
1327 1445 24 24
1334 1613 24 24
1353 1245 24 24
1356 1622 24 24
1361 1201 24 24
1365 1275 24 24
1370 1479 24 24
1374 1288 24 24
1375 1226 24 24
1384 1308 24 24
1403 1454 36 36
1417 1413 36 36
1419 1138 24 24
1426 1156 36 36
1428 1203 36 36
1429 1355 36 36
1432 1294 36 36
1434 1449 36 36
1436 1236 36 36
1458 1210 24 24
1458 1386 24 24
1476 1077 24 24
1485 1162 24 24
380 915 48 48
381 875 48 48
415 959 36 36
427 892 36 36
436 992 36 36
445 685 36 36
44 766 48 48
460 970 36 36
465 919 36 36
514 1003 24 24
518 1040 24 24
526 1024 24 24
543 1000 36 36
568 1049 24 24
570 998 36 36
572 1021 36 36
585 953 36 36
616 1060 24 24
633 1067 36 36
650 684 36 36
659 1126 24 24
663 1075 36 36
678 1135 36 36
68 722 36 36
690 1017 36 36
696 1059 24 24
713 1057 24 24
761 1111 36 36
763 1033 36 36
783 1132 36 36
811 1138 36 36
839 1101 36 36
845 1260 24 24
866 1293 24 24
879 1243 36 36
881 1094 36 36
923 1267 36 36
928 1217 24 24
933 1356 36 36
950 1295 24 24
961 1106 24 24
972 1222 24 24
