152
1004 1491 24 24
1021 1516 24 24
1037 1461 24 24
1052 1264 24 24
1067 1386 24 24
1068 1242 24 24
1073 1284 24 24
1073 1455 24 24
1077 1542 24 24
1080 1518 36 36
1087 1565 24 24
1090 1313 36 36
1098 1279 24 24
1098 1546 24 24
1105 1566 24 24
1109 1401 24 24
1115 1578 24 24
1116 1529 36 36
1128 1342 24 24
1135 1361 24 24
1141 1291 24 24
1141 1550 24 24
1151 1441 24 24
1159 1321 24 24
1159 1567 24 24
1161 1408 24 24
1170 1255 24 24
1174 1549 24 24
1180 1617 24 24
1185 1592 24 24
1191 1232 24 24
1193 1398 24 24
1201 1608 24 24
1203 1539 24 24
1205 1429 24 24
1211 1211 24 24
1215 1629 24 24
1218 1313 24 24
1223 1257 24 24
1225 1581 24 24
1227 1562 24 24
1244 1535 24 24
1248 1595 24 24
1255 1284 24 24
1266 1578 24 24
126 743 24 24
1274 1278 24 24
1283 1472 24 24
1286 1453 24 24
1307 1535 24 24
1310 1331 24 24
1317 1495 24 24
1321 1416 24 24
1332 1228 24 24
1337 1162 24 24
1339 1362 24 24
1348 1427 24 24
1348 1487 24 24
1349 1536 24 24
1363 1436 24 24
1371 1096 24 24
1372 1222 24 24
1378 1181 24 24
1380 1452 24 24
1384 1034 24 24
1384 1122 24 24
1386 1006 24 24
1394 1306 36 36
1399 970 24 24
1428 1267 36 36
1430 1163 24 24
1445 1396 24 24
1463 1129 24 24
1463 924 24 24
1465 1061 24 24
1471 1022 24 24
1475 1354 36 36
1479 1113 24 24
1482 1178 24 24
1488 959 24 24
204 940 24 24
208 912 36 36
220 961 24 24
233 973 24 24
251 972 24 24
274 939 24 24
277 904 24 24
286 991 24 24
293 975 24 24
299 954 24 24
320 954 24 24
323 1014 24 24
325 1048 24 24
326 1029 24 24
341 872 24 24
348 976 24 24
362 1059 24 24
369 1084 24 24
382 1045 24 24
384 913 24 24
399 1059 24 24
415 1049 24 24
415 975 24 24
443 1168 36 36
447 1013 24 24
457 1042 24 24
465 986 24 24
477 1049 24 24
506 1074 36 36
514 1034 48 48
52 853 36 36
531 1094 36 36
566 1091 36 36
623 1233 36 36
636 1125 36 36
648 1157 36 36
652 1287 36 36
669 1253 36 36
676 1195 36 36
688 1351 36 36
704 1233 36 36
709 1290 36 36
717 1348 36 36
731 1250 36 36
738 1287 36 36
761 1267 36 36
767 1138 36 36
770 1082 36 36
811 1377 36 36
821 1323 36 36
823 1259 36 36
850 1381 36 36
851 1298 24 24
856 1280 24 24
860 1316 24 24
866 1234 36 36
868 1333 24 24
877 1525 24 24
879 1264 36 36
883 1364 24 24
896 1304 24 24
899 1342 36 36
908 1490 36 36
911 1236 36 36
938 1566 24 24
956 1437 24 24
961 1609 24 24
964 1526 24 24
969 1455 24 24
984 1231 36 36
988 1454 24 24
992 1198 36 36
