160
1011 1548 24 24
1012 1450 24 24
1014 1390 36 36
1017 1316 36 36
1024 1484 24 24
1024 1540 24 24
1039 1576 24 24
1043 1338 36 36
1044 1526 24 24
1050 1406 36 36
1051 1594 24 24
1052 1211 36 36
1053 1554 24 24
1067 1147 36 36
1069 1479 36 36
1069 1510 36 36
1075 1593 24 24
1077 1641 24 24
1091 1284 36 36
1097 1629 24 24
1102 1254 36 36
1106 1210 24 24
1106 1374 36 36
1113 1619 24 24
1117 1648 24 24
1121 1493 24 24
1124 1447 24 24
1132 1559 24 24
1133 1201 24 24
1133 1397 36 36
1136 1273 36 36
1138 1663 36 36
1149 1374 36 36
1157 1444 24 24
1157 1610 24 24
1169 1219 24 24
1172 1457 24 24
1183 1553 24 24
1184 1398 36 36
1205 1514 36 36
1208 1149 36 36
1212 1333 36 36
1228 1452 24 24
1231 1317 36 36
1243 1604 36 36
1245 1386 36 36
1251 1448 24 24
1254 1470 24 24
1255 1531 36 36
1263 1129 36 36
1265 1487 24 24
1268 1311 24 24
1277 1502 36 36
1290 1609 36 36
1299 1251 24 24
1304 1111 36 36
1304 1194 24 24
1310 1306 24 24
1318 1233 24 24
1319 1357 36 36
1321 1324 24 24
1328 1216 24 24
1333 1040 36 36
1338 1182 24 24
133 795 36 36
1346 1577 36 36
1349 1427 24 24
1356 891 36 36
1370 1232 24 24
1372 1416 24 24
1373 1255 24 24
137 825 36 36
1400 1124 36 36
1406 1418 24 24
1408 997 24 24
1416 1372 36 36
1449 1114 36 36
1453 1154 36 36
1460 1024 24 24
1479 1234 36 36
147 890 36 36
1494 1354 24 24
168 1009 36 36
170 772 36 36
179 914 36 36
189 876 36 36
214 873 36 36
227 966 36 36
228 906 36 36
231 855 36 36
23 740 36 36
262 1000 36 36
270 920 36 36
276 958 36 36
312 990 36 36
322 1034 36 36
328 1067 36 36
338 1108 36 36
342 1012 36 36
344 903 36 36
355 884 36 36
369 1198 36 36
393 1054 36 36
398 919 36 36
409 1022 36 36
409 1239 36 36
40 788 36 36
419 1073 36 36
440 953 36 36
446 1033 36 36
469 1212 36 36
474 1178 36 36
488 1063 36 36
519 1025 36 36
523 1084 36 36
525 1120 36 36
550 1018 36 36
557 1040 36 36
558 1152 24 24
564 975 36 36
567 1077 36 36
577 1121 24 24
585 1151 24 24
588 1170 24 24
595 1245 24 24
598 1160 24 24
604 1399 36 36
607 1144 24 24
607 1274 36 36
608 1016 36 36
610 1194 24 24
628 904 36 36
635 1128 24 24
639 1240 24 24
640 1346 36 36
648 849 36 36
654 1385 36 36
658 1225 24 24
698 1108 24 24
701 1179 24 24
719 1189 36 36
728 1323 24 24
745 1335 24 24
763 1226 36 36
824 1290 24 24
827 1377 36 36
855 1273 36 36
871 1491 36 36
880 1446 36 36
883 1605 36 36
900 1572 36 36
901 1405 36 36
910 1476 36 36
932 1395 36 36
957 1445 36 36
976 1294 36 36
985 1267 36 36
986 1554 36 36
98 718 36 36
996 1200 36 36
