119
1003 1318 36 36
1068 963 36 36
1097 1230 36 36
1112 1021 36 36
1119 1365 24 24
1128 1190 36 36
1132 936 36 36
1144 1392 24 24
1144 1408 24 24
1149 915 36 36
1155 1426 24 24
1160 1350 24 24
1162 1316 24 24
1162 1390 24 24
1164 1370 24 24
1166 1086 36 36
1168 1246 36 36
1171 1206 36 36
1173 1405 24 24
1188 1124 36 36
1204 1160 24 24
1207 1086 36 36
1223 1378 24 24
1230 1454 24 24
1238 1308 24 24
1242 891 36 36
1244 1231 36 36
1245 1448 24 24
1254 1142 36 36
1260 1177 36 36
1266 1424 24 24
1267 1030 36 36
1275 1254 24 24
1285 1415 24 24
1287 1096 36 36
1292 1363 24 24
1293 1460 24 24
1293 965 36 36
1310 1119 24 24
1310 1142 36 36
1331 1116 24 24
1341 1053 24 24
1350 874 36 36
1355 1000 24 24
1357 1036 24 24
1358 1283 24 24
1365 1011 24 24
1376 1031 24 24
1379 1091 24 24
1379 918 24 24
1383 1330 24 24
1383 964 24 24
1385 1451 24 24
1390 999 24 24
1394 1159 24 24
1398 1085 24 24
1402 899 24 24
1408 1141 24 24
1408 880 24 24
1411 1026 24 24
1417 915 24 24
1433 882 24 24
1438 762 36 36
1443 997 24 24
1456 1183 24 24
1458 953 24 24
1466 1315 24 24
1466 808 36 36
1467 892 24 24
1472 1022 24 24
1475 839 36 36
1476 1215 24 24
1481 1120 24 24
1496 796 24 24
1501 979 24 24
175 575 24 24
194 596 24 24
239 709 36 36
266 776 36 36
283 741 36 36
28 627 36 36
293 699 36 36
299 665 36 36
306 965 36 36
316 802 24 24
333 785 36 36
33 669 36 36
345 819 24 24
363 724 36 36
372 891 24 24
374 799 36 36
378 764 24 24
383 783 24 24
383 876 24 24
416 885 24 24
462 844 24 24
527 839 36 36
554 740 36 36
566 851 36 36
602 799 36 36
619 901 36 36
629 854 36 36
659 860 36 36
674 1009 36 36
680 834 36 36
684 1049 36 36
721 1038 36 36
725 758 36 36
777 1277 36 36
779 1173 36 36
782 1087 36 36
825 1136 36 36
849 1228 36 36
84 588 24 24
86 538 24 24
889 1066 36 36
917 1101 36 36
943 1299 36 36
966 1249 36 36
