64
106 651 48 48
1151 1088 36 36
1207 1219 36 36
1233 1426 36 36
1241 1463 36 36
1242 1196 36 36
1252 1151 36 36
1280 1310 36 36
1285 1449 36 36
1286 1161 36 36
1292 1485 36 36
1304 1401 36 36
1312 1331 36 36
1315 1138 36 36
1318 1069 36 36
1320 1107 36 36
1324 1238 36 36
1330 1358 36 36
1332 1181 36 36
1334 1452 36 36
1337 1543 36 36
1356 1481 36 36
1358 1040 36 36
1367 1174 36 36
1368 1203 36 36
1371 1586 36 36
1376 1521 36 36
1377 1382 36 36
1381 1407 36 36
1411 975 36 36
1417 1478 36 36
1436 1041 36 36
1444 1491 36 36
1445 1084 36 36
1458 943 36 36
1465 1456 36 36
1469 1346 36 36
1472 1039 36 36
1481 1268 36 36
1486 1116 36 36
1486 1235 36 36
1492 1325 36 36
158 661 48 48
295 1342 36 36
323 668 24 24
375 830 36 36
379 743 24 24
391 783 36 36
393 702 24 24
398 743 24 24
406 814 36 36
450 830 36 36
522 882 36 36
555 852 36 36
669 1093 36 36
688 905 36 36
704 921 36 36
715 865 36 36
789 1008 36 36
7 707 48 48
838 1106 36 36
866 1117 36 36
922 1265 36 36
99 1056 36 36
