88
1037 702 36 36
1147 1123 36 36
1150 1093 36 36
1159 994 36 36
1167 1159 36 36
1173 929 36 36
1175 1047 36 36
1179 1123 36 36
1187 1028 36 36
1204 1122 36 36
1208 915 36 36
1208 993 36 36
1210 1312 36 36
1213 1029 36 36
1220 1391 24 24
1221 1369 24 24
1226 1134 36 36
1235 1396 24 24
1241 1301 36 36
1242 1275 36 36
1244 1044 36 36
1253 1000 36 36
1253 1396 24 24
1253 969 36 36
1267 1154 36 36
1276 1358 24 24
1284 1053 36 36
1292 1114 36 36
1297 1203 36 36
1305 1398 36 36
1323 1171 36 36
1325 1197 36 36
1340 1110 36 36
1340 1264 36 36
1344 852 36 36
1350 1210 36 36
1353 1301 36 36
1363 1431 24 24
1370 1021 36 36
1380 1234 36 36
1384 1367 36 36
1386 1170 36 36
1388 832 36 36
1413 1358 36 36
1414 726 36 36
1415 1206 36 36
1418 867 36 36
141 628 48 48
1447 1279 36 36
1451 867 36 36
1460 1176 36 36
1463 886 36 36
1472 1087 36 36
1475 1197 36 36
1478 816 36 36
1488 1140 36 36
1489 1043 36 36
1498 1277 36 36
165 682 36 36
17 585 36 36
198 607 36 36
198 725 36 36
213 635 36 36
237 625 36 36
241 663 36 36
244 744 36 36
252 689 36 36
252 882 36 36
276 732 36 36
290 692 36 36
292 633 36 36
295 952 36 36
324 653 36 36
339 771 36 36
357 728 36 36
402 795 36 36
407 765 36 36
43 566 24 24
478 972 36 36
533 1021 36 36
536 951 36 36
557 959 36 36
616 748 36 36
710 1014 36 36
753 1013 36 36
828 1144 36 36
862 1325 36 36
986 883 36 36
