42
1028 883 24 24
1029 845 24 24
1037 635 24 24
1053 716 24 24
1092 725 24 24
1100 204 24 24
1123 718 24 24
1138 759 24 24
585 21 24 24
603 35 24 24
653 82 24 24
678 213 24 24
693 113 24 24
706 197 24 24
707 682 36 36
711 145 24 24
735 202 24 24
737 229 24 24
741 394 36 36
752 515 24 24
758 194 24 24
763 276 24 24
787 494 24 24
791 388 24 24
793 437 24 24
821 521 24 24
840 612 24 24
846 689 24 24
868 531 24 24
873 669 24 24
886 396 24 24
886 558 24 24
889 712 24 24
893 444 24 24
897 657 24 24
899 753 24 24
906 619 24 24
918 461 24 24
928 502 24 24
966 728 24 24
978 675 24 24
985 881 24 24
