68
1002 1360 36 36
1015 1231 24 24
1035 1371 36 36
1052 1335 36 36
1089 1260 36 36
1092 1415 36 36
1105 1114 36 36
1115 1369 36 36
1119 1396 36 36
1139 1421 36 36
1159 1343 36 36
1161 1240 36 36
116 709 36 36
1172 1278 36 36
1185 1392 36 36
1192 1454 36 36
1193 1421 36 36
1199 1278 36 36
1216 1518 36 36
1224 1474 36 36
1226 1246 36 36
1254 1313 36 36
1254 1504 36 36
1264 1238 36 36
1264 1428 36 36
1278 1370 36 36
1286 1242 36 36
1303 1327 36 36
1334 1419 36 36
1354 1241 36 36
222 710 36 36
295 758 36 36
346 827 24 24
352 811 24 24
392 867 36 36
407 828 36 36
429 860 36 36
448 921 24 24
453 942 36 36
497 950 36 36
536 984 24 24
539 951 24 24
563 1002 36 36
590 1019 36 36
703 1167 36 36
719 1145 36 36
803 1187 36 36
819 1165 36 36
835 1192 36 36
842 1271 36 36
844 1137 36 36
871 1228 36 36
879 1297 36 36
883 1258 36 36
887 1086 36 36
908 1344 36 36
933 1101 36 36
938 1342 36 36
945 1074 36 36
956 1125 36 36
956 1877 36 36
958 1047 36 36
960 1237 36 36
971 1200 24 24
972 1459 36 36
975 1347 24 24
990 1227 24 24
991 1198 24 24
