83
1015 1262 36 36
1017 1197 36 36
1018 1222 36 36
1019 1138 36 36
101 961 36 36
1040 1280 36 36
1073 1296 36 36
1074 1137 36 36
1098 1269 24 24
1109 1156 24 24
1120 1273 24 24
1123 1152 24 24
1130 1227 24 24
1131 1206 24 24
1134 1356 24 24
1139 1310 24 24
1159 1224 24 24
1169 1271 24 24
1172 1290 24 24
1174 1127 36 36
1174 1389 36 36
1196 1311 24 24
1216 1199 36 36
1216 1317 24 24
1226 1251 24 24
1232 1046 36 36
1247 1240 36 36
1268 1134 36 36
1270 1173 36 36
1294 1291 24 24
1305 1168 36 36
1308 1327 24 24
1309 1274 36 36
1312 1197 36 36
1326 1326 24 24
1333 1232 36 36
1337 1015 36 36
1379 1079 24 24
1389 1122 36 36
139 967 36 36
1405 1232 36 36
1419 1155 36 36
1427 1190 36 36
1453 1182 36 36
151 943 36 36
267 993 24 24
284 963 24 24
287 1000 24 24
297 954 24 24
352 998 36 36
405 1045 36 36
429 1005 36 36
473 1046 36 36
504 992 36 36
520 1092 36 36
553 1139 36 36
613 1097 36 36
615 1153 36 36
640 1123 36 36
675 1090 36 36
707 1140 36 36
740 1179 36 36
752 1221 24 24
767 1043 36 36
792 1224 36 36
817 1186 24 24
830 1227 24 24
835 1207 24 24
838 955 36 36
841 1161 36 36
851 1205 24 24
862 1017 36 36
872 958 36 36
873 1161 36 36
901 1220 36 36
907 1275 36 36
917 1036 36 36
920 1102 24 24
955 1147 36 36
956 1240 36 36
957 1053 36 36
991 1068 36 36
991 1259 36 36
