51
325 965 24 24
351 862 24 24
361 752 24 24
366 900 24 24
370 834 24 24
397 733 24 24
436 722 24 24
471 626 24 24
473 482 24 24
520 662 24 24
526 336 24 24
533 598 24 24
538 621 24 24
542 543 24 24
550 612 24 24
571 317 24 24
571 401 24 24
571 608 24 24
574 432 24 24
588 368 24 24
588 58 24 24
592 532 24 24
603 198 24 24
611 368 36 36
628 467 24 24
630 410 24 24
635 57 24 24
638 269 24 24
638 436 24 24
640 339 24 24
649 176 24 24
652 106 24 24
654 214 24 24
654 263 24 24
654 468 24 24
677 238 24 24
687 260 24 24
690 528 24 24
699 334 24 24
703 443 24 24
710 319 24 24
716 349 24 24
723 152 24 24
735 318 24 24
738 144 24 24
777 197 24 24
793 217 24 24
801 189 24 24
824 136 24 24
893 33 24 24
901 95 24 24
