81
1020 1219 36 36
1024 1146 24 24
1029 1075 36 36
1042 1174 36 36
104 757 36 36
1054 882 36 36
1061 1135 36 36
1061 1215 24 24
1066 1174 24 24
1074 983 36 36
1083 1178 24 24
1086 1239 24 24
1087 1131 36 36
1088 1193 24 24
1119 1244 24 24
1119 1278 36 36
1129 1220 24 24
1130 1259 24 24
1131 921 36 36
1135 1320 24 24
1137 1167 24 24
1147 1310 24 24
1159 1167 24 24
1174 1295 24 24
1183 1237 36 36
1190 1293 24 24
1191 1322 24 24
1193 1203 24 24
1202 1156 24 24
1205 1296 24 24
1212 1187 24 24
1217 1336 36 36
1225 1078 36 36
1250 1202 36 36
1298 1291 24 24
1300 1258 36 36
1303 1147 24 24
1304 1117 24 24
1317 1304 36 36
1322 1129 24 24
1344 1226 36 36
1350 1167 24 24
1352 1324 36 36
1364 1193 36 36
137 757 36 36
1386 1075 36 36
1430 1157 36 36
1475 1143 36 36
243 760 36 36
312 782 36 36
338 854 24 24
345 771 36 36
351 828 24 24
450 795 36 36
499 910 36 36
558 930 36 36
566 999 36 36
569 963 24 24
627 943 36 36
642 1010 36 36
661 1040 36 36
682 1062 36 36
686 903 24 24
719 1037 36 36
744 1071 24 24
748 928 36 36
757 1020 36 36
760 1058 36 36
767 1096 36 36
804 1038 36 36
811 1072 24 24
828 1085 24 24
838 1027 36 36
851 1068 36 36
881 1048 36 36
911 1099 24 24
927 1081 36 36
954 976 36 36
968 1090 36 36
989 1054 36 36
994 1133 24 24
