85
1001 1136 24 24
1003 1009 36 36
1007 1082 36 36
1024 1142 24 24
1026 1166 36 36
1036 996 36 36
1057 1143 36 36
1076 997 36 36
1082 1184 24 24
1094 1169 24 24
1110 1162 24 24
1111 1145 24 24
1113 1121 24 24
1129 1198 24 24
1139 1240 24 24
1142 1260 24 24
114 718 36 36
1159 1256 36 36
1173 1143 36 36
1182 1217 24 24
1187 1291 24 24
1188 1320 36 36
1203 1147 36 36
1204 874 36 36
1212 1042 36 36
1214 1175 24 24
1218 1067 36 36
1230 1185 24 24
1234 1298 36 36
1237 887 36 36
1258 1235 36 36
1261 1043 36 36
1262 1266 36 36
1271 1131 36 36
1282 1319 36 36
1287 1094 24 24
1294 795 36 36
1301 925 36 36
1324 995 36 36
1381 1224 36 36
1392 987 24 24
1399 1004 24 24
1413 944 36 36
1418 1055 36 36
163 755 36 36
168 712 36 36
247 734 36 36
266 760 36 36
280 719 36 36
283 814 36 36
316 820 36 36
327 773 36 36
361 861 24 24
370 837 36 36
379 868 36 36
425 846 24 24
432 865 36 36
448 905 36 36
460 938 36 36
462 848 36 36
491 893 36 36
500 972 36 36
532 881 36 36
617 988 24 24
635 1048 36 36
640 999 24 24
658 980 24 24
717 993 36 36
745 1026 24 24
749 993 36 36
772 1026 36 36
848 1132 36 36
851 1099 24 24
864 1082 24 24
876 1110 24 24
887 1087 36 36
896 989 36 36
908 1068 36 36
908 930 36 36
918 968 24 24
926 1095 24 24
931 879 36 36
954 1145 36 36
958 828 36 36
962 1055 36 36
