93
1055 1502 48 48
1105 1325 48 48
1167 1410 48 48
1201 1529 48 48
1233 1602 48 48
1261 1454 48 48
1334 1632 48 48
1394 1727 48 48
1426 1509 48 48
1437 848 48 48
1451 1461 48 48
1477 1963 48 48
1792 1718 60 60
1950 1912 48 48
2377 1719 60 60
2559 1663 48 48
2567 1567 48 48
2620 1913 48 48
2700 1719 48 48
2721 1663 48 48
2735 2080 48 48
2737 2391 36 36
2764 2146 48 48
2764 2353 36 36
2773 2246 48 48
2784 2387 36 36
2800 2437 48 48
2805 2316 48 48
2807 1999 48 48
2835 2400 48 48
2839 2506 36 36
2849 2150 48 48
2864 2534 48 48
2866 1700 36 36
2872 2282 48 48
2878 2093 36 36
288 1139 48 48
2895 2122 48 48
2928 2511 48 48
2928 2595 48 48
2955 2420 48 48
2972 2331 48 48
2978 1941 48 48
3010 1461 36 36
3012 2160 48 48
3021 1974 48 48
3044 2083 48 48
3057 1787 36 36
3058 1639 48 48
3061 1925 48 48
3080 2163 36 36
3083 1332 36 36
3083 2277 48 48
3099 1915 48 48
3102 1389 48 48
3102 2087 36 36
3131 1757 48 48
3144 2300 36 36
3182 1955 36 36
3192 1484 48 48
3204 2345 48 48
3224 1239 48 48
3225 2247 36 36
3232 1937 48 48
3235 1451 48 48
3307 1483 48 48
3317 1678 48 48
3319 1366 48 48
3339 1831 36 36
3340 1964 48 48
3360 1533 48 48
3360 2298 36 36
3408 1528 36 36
3419 1426 48 48
3427 1800 48 48
3433 1551 36 36
3467 2158 48 48
3494 1514 36 36
3495 2266 36 36
3521 1422 48 48
3566 1501 36 36
3566 1583 48 48
3607 1420 36 36
3888 2003 48 48
4004 1280 48 48
649 1186 48 48
657 1225 48 48
699 1217 48 48
708 1179 48 48
752 1262 48 48
866 1153 48 48
961 1455 48 48
990 2093 48 48
