87
103 940 48 48
1050 1359 48 48
1080 1443 36 36
1086 1474 36 36
1276 1644 48 48
1304 1443 48 48
1341 1604 36 36
1408 1611 36 36
1441 1676 36 36
1531 1632 48 48
1531 1681 48 48
1563 1524 48 48
1583 1658 48 48
1636 1747 48 48
1660 1830 48 48
1662 1659 48 48
1727 1844 48 48
1729 1360 36 36
1789 1972 48 48
1857 1427 36 36
1876 1972 48 48
1881 1929 48 48
1916 2042 48 48
1920 1956 48 48
1967 1662 48 48
2007 2020 36 36
2057 1975 48 48
2058 1913 48 48
2083 1563 48 48
2095 2143 48 48
2101 2210 48 48
2106 1861 48 48
2111 1512 48 48
2133 2185 36 36
2165 1875 36 36
2228 2216 36 36
2230 1934 48 48
2244 2184 36 36
2271 2179 36 36
2356 2223 36 36
2361 2015 48 48
2382 1646 48 48
2402 1599 36 36
2408 1881 48 48
2445 2273 48 48
2451 2310 48 48
2462 2357 36 36
2467 2379 48 48
2475 2158 36 36
2508 2140 36 36
2515 2366 48 48
2527 1863 48 48
2536 1794 48 48
2543 2199 48 48
2630 1776 48 48
2664 2208 36 36
2681 1959 48 48
2693 2232 48 48
2724 2400 48 48
2757 2416 48 48
2786 2066 36 36
2786 2387 48 48
2810 1843 48 48
2820 1965 36 36
2834 2016 48 48
2864 2315 36 36
2906 1944 36 36
2918 2073 48 48
2942 1969 48 48
2959 1910 36 36
2970 2025 36 36
2997 1325 48 48
2999 1907 36 36
3001 1598 36 36
3024 1937 48 48
3037 1418 48 48
3080 1684 36 36
3094 2006 36 36
3213 1627 48 48
3215 2012 36 36
3226 1972 48 48
3502 2233 36 36
440 1076 48 48
487 1010 48 48
651 1177 48 48
775 1198 48 48
799 1176 48 48
