89
1013 1419 48 48
1117 1457 48 48
1148 1425 48 48
1289 1506 48 48
1313 1440 48 48
1372 1603 48 48
1377 1634 48 48
1471 1681 48 48
1563 1507 36 36
1595 1301 48 48
1595 1495 36 36
1604 1734 48 48
1644 1701 48 48
1718 1515 36 36
1734 1566 48 48
1843 1853 48 48
1915 1874 36 36
1935 1763 36 36
1949 1874 36 36
1983 1410 48 48
1988 1914 48 48
1997 1654 48 48
2035 1752 48 48
2089 1268 48 48
2097 1215 48 48
2102 1660 48 48
2119 1848 36 36
2119 1872 36 36
2192 1946 48 48
2213 1892 48 48
2240 1734 48 48
2260 1885 48 48
2306 1807 48 48
2351 1501 48 48
2400 1935 48 48
2401 1862 36 36
2409 1901 48 48
2434 1983 36 36
2444 1848 36 36
2467 1999 36 36
2472 1868 48 48
2478 2030 36 36
2496 1588 48 48
2557 2053 48 48
2650 1919 48 48
2677 1544 36 36
2703 1768 48 48
2713 1715 48 48
2721 1652 48 48
2834 1549 48 48
2864 2060 48 48
2869 1847 48 48
2930 1484 48 48
2934 1835 48 48
2959 1768 36 36
2980 2070 48 48
3000 1688 48 48
3009 1453 48 48
3011 1869 48 48
3013 1760 48 48
3059 1893 48 48
3062 1963 48 48
3091 2097 36 36
3112 2139 36 36
3143 2166 36 36
3151 1627 48 48
3164 2247 48 48
3175 2189 48 48
3183 2104 36 36
3209 1864 48 48
3231 1303 36 36
3240 2281 36 36
3247 2243 48 48
3263 1956 48 48
3267 2050 48 48
3278 2156 48 48
3296 2133 36 36
3308 1749 48 48
3315 1524 48 48
3321 1699 48 48
3416 1399 36 36
3537 1746 48 48
458 1408 48 48
468 1493 48 48
621 1380 48 48
709 1453 48 48
736 1353 48 48
907 1470 48 48
944 1443 48 48
