80
1004 1357 48 48
1048 1521 48 48
1062 1434 48 48
1076 1261 48 48
1213 1501 48 48
1285 1572 36 36
1309 1410 48 48
1315 1561 48 48
1322 1331 36 36
1324 1371 48 48
1411 1455 48 48
1496 1648 48 48
1616 1738 48 48
1661 1664 36 36
1669 1714 48 48
1720 1213 48 48
1831 1361 48 48
1863 1714 48 48
1874 1674 48 48
1954 1788 48 48
2020 1754 36 36
2022 1647 48 48
2064 1371 36 36
2093 1347 36 36
2151 1762 36 36
2157 1732 36 36
2160 1695 48 48
2164 1905 48 48
2178 1744 36 36
2218 1482 48 48
2247 1831 48 48
2249 1662 48 48
2290 1583 48 48
232 1210 48 48
2330 1750 48 48
2342 1632 36 36
2349 1789 48 48
2465 1253 36 36
2500 1490 36 36
2544 1123 36 36
2605 1796 48 48
2618 1615 36 36
2628 1668 48 48
2649 1954 36 36
2658 1451 48 48
2709 1684 48 48
2731 1882 48 48
2737 1629 48 48
2745 1429 48 48
2788 1625 48 48
2807 2070 48 48
2843 2042 48 48
2869 1882 48 48
287 1255 48 48
2934 1559 48 48
2967 1882 48 48
2981 1957 48 48
2992 2004 48 48
3007 1803 48 48
3010 1894 36 36
3022 1908 48 48
3023 1270 48 48
3053 1199 48 48
3093 1978 36 36
3100 1836 36 36
3201 1859 48 48
3248 1632 48 48
3293 1634 48 48
3328 1567 48 48
476 1105 48 48
515 1148 48 48
609 1182 48 48
612 1150 48 48
709 1220 48 48
803 1356 36 36
806 1250 36 36
878 1287 48 48
879 1351 48 48
918 1281 48 48
953 1377 36 36
