85
1006 1280 36 36
1027 1250 36 36
1096 1274 48 48
1100 1148 48 48
1120 1321 36 36
1209 1247 48 48
1324 1434 36 36
1347 1408 36 36
1389 1426 36 36
1447 1480 36 36
1488 1393 48 48
1565 1556 48 48
1598 1592 36 36
1608 1239 36 36
1622 1438 48 48
1636 974 36 36
1701 1082 48 48
1744 1513 48 48
1761 1461 48 48
1804 1499 36 36
1826 1429 36 36
1870 1683 48 48
1882 1648 48 48
1902 1612 48 48
1949 1876 60 60
1977 1498 36 36
1993 1541 36 36
2023 1759 48 48
2085 1504 48 48
2127 1063 36 36
2157 1678 48 48
2172 1794 48 48
2197 1715 48 48
2203 1413 36 36
2217 1624 48 48
2225 1532 48 48
2252 1501 48 48
2271 1792 48 48
2319 1573 48 48
2360 1550 48 48
2426 1728 48 48
2484 1261 48 48
2595 1448 48 48
2627 1764 48 48
2638 1671 48 48
2656 1557 48 48
2674 1504 48 48
2702 1667 36 36
2717 1684 48 48
2734 1597 48 48
2778 1989 48 48
2812 1751 36 36
2852 1537 36 36
2882 2147 36 36
2912 1868 36 36
2934 1953 36 36
2934 1999 36 36
294 1107 48 48
2966 1962 48 48
2984 1366 36 36
2989 2114 48 48
3011 1571 48 48
3034 2158 48 48
3084 1488 36 36
3184 1828 36 36
3202 1809 36 36
325 1079 36 36
3279 1565 48 48
3305 1766 36 36
3321 1422 36 36
3337 1651 48 48
3408 1601 48 48
3487 1707 36 36
350 1036 36 36
3566 1467 48 48
497 1050 36 36
554 1016 36 36
568 1070 36 36
731 1117 36 36
779 1120 36 36
821 1083 36 36
885 1235 48 48
922 1294 48 48
927 1141 36 36
945 1262 36 36
