71
1001 1047 60 60
1219 1088 48 48
1349 1218 48 48
1603 1524 48 48
1643 1245 48 48
1849 2350 48 48
2144 2375 36 36
2302 1682 48 48
2441 1692 48 48
2441 2367 48 48
2470 1783 36 36
2471 1759 36 36
2483 1825 48 48
2515 1590 48 48
2557 1842 48 48
2616 1975 36 36
2639 1703 48 48
2728 1631 36 36
2765 1621 36 36
2785 1930 48 48
2795 2497 36 36
2833 1687 36 36
2856 1943 48 48
2867 1704 36 36
2893 1880 36 36
2898 2429 36 36
2929 1576 36 36
2938 1668 36 36
2951 1687 48 48
2975 1753 36 36
2978 2018 36 36
3000 1726 36 36
3012 1825 48 48
3024 2319 36 36
3026 2343 36 36
3034 1633 48 48
3036 1599 36 36
3054 2165 48 48
3064 2030 36 36
3098 2280 48 48
3161 1517 36 36
3164 2245 48 48
3168 2496 36 36
3169 2577 36 36
3267 2587 36 36
3293 2116 36 36
3305 2551 36 36
3317 1768 48 48
3336 2212 48 48
3346 2609 36 36
3385 1977 36 36
3423 1649 36 36
3468 2416 36 36
3468 2528 36 36
3576 1662 36 36
3624 2048 36 36
3632 1969 36 36
3638 2255 48 48
3639 1598 48 48
3683 1926 36 36
3696 1881 36 36
3744 2053 36 36
3753 2011 36 36
3762 1835 48 48
3779 2041 36 36
3837 2003 36 36
3839 1746 48 48
3891 1425 48 48
4001 1461 48 48
463 918 48 48
872 1064 48 48
