76
1073 1540 48 48
1102 1368 48 48
1515 1581 36 36
1665 1703 36 36
1689 1810 36 36
1748 1949 36 36
1837 1584 36 36
2084 1995 36 36
2135 1809 36 36
2180 2023 36 36
2196 2090 36 36
2212 1871 48 48
221 1401 48 48
2227 1973 48 48
2308 2127 48 48
2340 1750 36 36
2422 1822 36 36
2446 1927 48 48
2449 2128 48 48
2478 2004 36 36
2503 1986 36 36
2568 1838 36 36
2589 2445 48 48
2596 1797 48 48
2626 2160 36 36
2712 1956 48 48
271 1374 48 48
2731 2193 48 48
2750 2602 48 48
2806 2132 48 48
2807 2098 48 48
2853 2643 48 48
2870 1664 48 48
2916 1615 48 48
2976 2375 36 36
2980 2457 36 36
3002 2140 48 48
3035 2661 36 36
3039 1756 48 48
3062 2516 48 48
3067 2669 36 36
3140 1668 48 48
3258 1895 36 36
3263 2614 48 48
3299 2274 48 48
3310 1554 48 48
3345 1899 48 48
3404 1687 36 36
3404 2173 48 48
3415 1426 36 36
3422 1711 36 36
3438 2348 36 36
3441 1428 48 48
3448 1678 36 36
3471 2096 48 48
3474 2352 36 36
3490 1992 36 36
3518 1393 36 36
3521 1420 48 48
3521 2224 36 36
3524 1630 48 48
3558 1434 48 48
3590 1740 48 48
3591 2174 36 36
3618 2062 48 48
3631 1910 48 48
3716 1785 48 48
3755 1230 48 48
3762 1969 36 36
3842 1197 48 48
3893 1836 48 48
409 1318 48 48
525 1315 48 48
611 1319 48 48
721 1358 48 48
982 1398 48 48
