112
1009 1217 24 24
1017 1177 36 36
1028 1243 24 24
1033 1075 36 36
1045 1171 24 24
1057 1323 24 24
1069 1389 24 24
1076 1178 24 24
1076 1213 36 36
1081 1012 36 36
1083 1091 24 24
1085 1320 24 24
1089 1294 24 24
1090 1067 24 24
1095 1439 24 24
1096 1417 24 24
1103 1134 24 24
1106 1028 36 36
1106 1118 24 24
1108 1324 24 24
1115 1231 36 36
1117 1375 24 24
1130 1349 24 24
1141 1396 24 24
1143 1176 24 24
1163 1202 24 24
1164 1258 24 24
1170 1146 24 24
1172 990 24 24
1173 1055 36 36
1181 1019 24 24
1182 1383 24 24
1183 1353 24 24
1193 1293 24 24
1193 1404 24 24
1200 1369 24 24
1218 1355 24 24
1234 1248 24 24
1236 1312 48 48
1246 1216 36 36
1254 1401 36 36
1255 1141 24 24
1281 1077 24 24
1289 1237 24 24
1289 1382 24 24
1291 1411 24 24
1292 1334 24 24
1314 1072 24 24
1315 1264 24 24
1323 1022 24 24
1323 1343 24 24
1326 1428 24 24
1327 1313 24 24
1337 1390 36 36
1337 982 24 24
1354 1051 24 24
1355 1278 36 36
1360 1238 24 24
1361 991 36 36
1395 1080 24 24
1404 1306 24 24
1407 1281 24 24
144 910 36 36
1485 1204 36 36
172 949 36 36
210 974 24 24
246 1011 24 24
273 976 24 24
288 1009 24 24
294 988 36 36
354 892 36 36
396 995 24 24
416 946 24 24
418 976 36 36
421 1016 24 24
424 1065 24 24
425 1081 24 24
428 924 24 24
448 1060 24 24
448 956 36 36
449 1095 24 24
450 1078 24 24
482 1108 24 24
491 976 36 36
508 1022 24 24
518 1105 24 24
519 1000 36 36
522 1128 36 36
525 1086 24 24
578 1062 36 36
659 1181 24 24
666 1145 24 24
679 1053 24 24
680 1098 36 36
687 1071 24 24
720 928 48 48
733 1065 36 36
762 1189 36 36
793 1112 36 36
806 1138 36 36
856 1210 24 24
868 1020 24 24
899 1028 36 36
914 1116 36 36
926 1253 24 24
927 1145 24 24
935 1076 36 36
946 1196 36 36
949 1145 24 24
969 1242 36 36
970 1088 36 36
994 1397 36 36
