77
1058 897 48 48
1088 992 48 48
1097 1232 48 48
1401 1636 48 48
1618 1200 36 36
1639 1220 36 36
1797 1417 48 48
1951 2206 36 36
2059 1643 48 48
2070 2225 36 36
2191 1586 48 48
2374 2020 36 36
2383 1936 36 36
2384 2077 36 36
2468 1648 48 48
2524 1699 36 36
2551 1436 36 36
262 603 48 48
2641 1764 36 36
2659 2228 36 36
2772 1850 36 36
2832 1947 36 36
2839 1709 36 36
2907 1279 48 48
2932 1811 48 48
2940 2101 24 24
2953 1424 36 36
3064 1403 36 36
3067 1849 48 48
3088 2007 36 36
3099 1859 36 36
3108 2133 36 36
3127 1551 36 36
3130 1757 36 36
3181 1371 48 48
3190 2048 36 36
3201 1524 36 36
3217 2191 24 24
3218 1330 48 48
3228 1797 36 36
3271 1845 36 36
3273 1308 48 48
3283 1771 36 36
3285 1369 36 36
3311 1925 36 36
3320 1385 36 36
3339 1546 36 36
3340 1590 48 48
3341 1822 36 36
3350 1361 36 36
3382 2122 36 36
3392 1555 36 36
3401 2100 24 24
3410 1946 36 36
3412 1635 48 48
3437 1399 36 36
3440 1821 36 36
3509 1745 36 36
3516 1495 24 24
3559 1888 36 36
3575 1410 36 36
3608 1737 36 36
3612 1479 36 36
3615 1629 36 36
3645 2186 36 36
3660 1573 36 36
3669 1770 36 36
3695 1469 36 36
3734 1751 36 36
3753 1792 36 36
3790 978 36 36
3820 1054 48 48
3942 1430 36 36
4000 1130 48 48
444 590 48 48
855 743 48 48
994 828 48 48
