70
1022 1851 48 48
1045 2005 48 48
1104 2262 48 48
1113 2309 48 48
1224 1571 48 48
1259 1398 48 48
1308 2253 48 48
1315 1795 48 48
1320 2220 48 48
1340 2503 48 48
1355 1430 48 48
1371 1652 48 48
1454 2071 48 48
1485 1002 48 48
1510 1421 48 48
1589 1413 48 48
1629 1467 48 48
1751 1297 48 48
1764 1752 48 48
2031 1646 48 48
2107 1646 48 48
2175 1750 48 48
2189 1621 48 48
2271 1312 48 48
2541 1490 36 36
2823 1489 36 36
2841 1993 36 36
2910 1594 48 48
3028 1503 48 48
3092 1875 36 36
3178 1785 48 48
3243 1778 36 36
3261 1568 48 48
3279 1435 36 36
3314 1726 48 48
3359 1023 48 48
3442 1508 48 48
3451 1579 36 36
3469 1022 48 48
3472 968 48 48
3478 1248 48 48
3490 1504 36 36
3513 1465 36 36
3603 1512 36 36
3638 701 48 48
3718 1508 36 36
3737 1023 36 36
3737 682 48 48
3750 1368 36 36
3768 1191 36 36
3795 1153 36 36
3804 1182 36 36
3816 1503 36 36
3845 1386 36 36
3857 977 36 36
3859 1078 36 36
3873 1535 36 36
3874 1252 48 48
3895 1058 36 36
3902 631 36 36
3918 1190 36 36
3925 731 48 48
3962 1072 36 36
3974 1354 36 36
4004 1138 36 36
4018 1235 36 36
628 1847 48 48
891 1851 48 48
939 1552 48 48
981 2212 48 48
