75
1063 1085 48 48
1110 1189 48 48
1160 2155 48 48
1171 1719 48 48
1218 2151 48 48
1247 1468 48 48
1248 2049 48 48
1299 2139 48 48
1388 2022 36 36
1397 2375 48 48
1410 1423 48 48
1415 2207 36 36
1427 2090 36 36
1497 1868 48 48
1531 2027 48 48
1536 934 36 36
1547 1026 36 36
1560 1350 48 48
1587 2006 36 36
1599 2043 48 48
1607 1951 36 36
1619 2146 36 36
1624 1154 48 48
1630 2016 48 48
1671 1943 36 36
1696 1657 48 48
1708 1344 48 48
1793 1264 36 36
1958 1320 48 48
2034 1607 36 36
2037 1501 36 36
2060 1526 36 36
2069 1355 36 36
2136 1376 36 36
2177 1281 36 36
2188 1649 48 48
2190 1590 36 36
2249 1441 48 48
2391 1839 48 48
2438 1609 36 36
2543 1730 48 48
2574 1268 48 48
2625 1381 36 36
2663 1351 36 36
3059 2048 36 36
3119 1899 36 36
3123 1247 36 36
3195 2004 36 36
3313 1236 36 36
3402 1545 48 48
3406 1598 48 48
3465 1271 36 36
3506 1205 48 48
3525 1095 48 48
3549 1306 36 36
3622 1481 36 36
3636 1101 36 36
3643 1647 36 36
3690 1581 36 36
3742 1120 48 48
3748 1713 48 48
3817 1547 36 36
3834 1112 36 36
3877 1102 48 48
3879 1212 48 48
3952 1499 36 36
4010 896 48 48
4043 1028 36 36
797 1816 48 48
830 1317 48 48
869 1794 48 48
911 1941 48 48
965 2084 48 48
991 1124 48 48
992 1969 36 36
