63
1268 571 48 48
1380 1373 36 36
1489 1835 48 48
1513 1232 48 48
1558 1835 48 48
1620 1548 48 48
1699 1161 48 48
1779 1151 48 48
1784 1458 48 48
1794 1485 48 48
1865 1765 36 36
1884 1561 48 48
1939 1439 48 48
1963 1506 48 48
1997 1355 36 36
2013 1524 48 48
2085 1240 48 48
2086 1775 48 48
2096 1198 48 48
2134 1392 36 36
2181 1305 48 48
2182 1075 36 36
2225 2147 48 48
2268 1209 36 36
2302 1354 48 48
2450 1526 48 48
2474 2208 48 48
2844 1889 36 36
2864 2030 36 36
2935 1431 48 48
2981 1633 36 36
3014 1299 48 48
3099 1384 48 48
3108 1177 48 48
3131 1314 48 48
3139 1695 48 48
3369 1179 48 48
3448 1187 48 48
3488 1120 48 48
3549 1010 48 48
3610 920 48 48
3726 1414 48 48
3746 1680 36 36
3748 1174 48 48
3749 1548 36 36
3754 1388 36 36
3794 1190 36 36
3847 1672 36 36
3859 1344 36 36
3875 1320 36 36
3875 1450 36 36
3876 1410 36 36
3902 1412 36 36
3971 1277 36 36
3994 1076 36 36
3995 486 36 36
4023 540 36 36
690 1534 48 48
801 1225 48 48
825 1847 48 48
948 1065 48 48
957 1754 48 48
981 1810 48 48
