89
1018 2537 36 36
1038 1466 48 48
1097 1472 48 48
1099 1506 48 48
1115 1652 48 48
1132 2312 48 48
1160 1668 48 48
1193 1562 48 48
1194 2476 48 48
119 2295 36 36
1226 2509 36 36
1334 2498 48 48
1335 2375 48 48
1355 2413 48 48
1385 2338 48 48
1400 2402 48 48
1421 2265 48 48
1447 1949 48 48
1449 1652 48 48
1456 2273 36 36
1468 1775 48 48
147 2126 48 48
1495 1888 48 48
1527 1936 48 48
1609 1980 48 48
1632 1729 48 48
1659 1832 48 48
1681 1507 48 48
1718 1904 48 48
1734 1976 36 36
1744 1811 48 48
1749 1608 48 48
1795 2159 36 36
1806 2259 36 36
182 1485 48 48
1836 1575 48 48
1839 1378 48 48
1876 1594 48 48
1919 1301 48 48
1960 1445 48 48
205 1968 48 48
211 1726 48 48
214 1676 36 36
2240 801 60 60
2244 993 36 36
232 2225 48 48
2334 981 60 60
233 1859 48 48
246 2153 48 48
2535 746 60 60
264 1799 48 48
2702 472 48 48
2734 422 48 48
280 1852 48 48
289 2105 36 36
3171 186 48 48
327 2140 48 48
332 2041 48 48
3434 152 48 48
368 2075 36 36
372 1713 48 48
378 2040 48 48
37 1892 48 48
381 1453 36 36
388 2201 36 36
400 2073 36 36
472 1524 48 48
502 1509 48 48
548 2082 36 36
571 1445 48 48
581 1693 48 48
59 2231 36 36
607 2204 48 48
637 1792 48 48
640 1540 36 36
667 1916 36 36
675 1536 36 36
690 1922 48 48
716 1683 48 48
819 1929 48 48
840 1621 48 48
874 1529 48 48
918 1972 36 36
920 1585 48 48
932 1853 36 36
937 2574 48 48
975 2398 48 48
979 1626 48 48
983 1535 48 48
