100
1011 1734 48 48
1020 2322 48 48
1027 2422 48 48
1038 2364 48 48
1089 2124 48 48
1126 2339 48 48
1154 1826 48 48
1156 1995 36 36
119 1631 48 48
1212 1981 48 48
1247 1893 48 48
1260 2047 36 36
1299 2123 48 48
1332 2173 48 48
1373 1998 48 48
13 1966 48 48
1415 1965 48 48
1435 1566 48 48
1488 1850 48 48
1495 2033 48 48
1506 2008 36 36
150 1381 48 48
150 1877 48 48
1547 1748 36 36
1561 1712 48 48
1588 1969 48 48
1596 2055 48 48
1607 1340 36 36
1766 1494 48 48
179 2076 48 48
181 1711 48 48
1924 1197 36 36
1939 1487 36 36
193 1965 48 48
194 1900 48 48
1961 1680 48 48
198 2361 48 48
209 2325 48 48
2207 1019 60 60
224 2259 48 48
226 1432 48 48
247 1495 48 48
260 2148 48 48
2617 400 48 48
2658 326 48 48
267 1944 36 36
269 2239 48 48
2715 1014 48 48
272 2100 48 48
2775 254 48 48
2813 222 48 48
2884 294 48 48
2895 154 48 48
290 1465 48 48
293 1630 48 48
297 1374 48 48
3002 133 48 48
3076 1286 48 48
309 2033 48 48
309 2396 48 48
3240 176 48 48
333 2113 48 48
3389 155 48 48
3474 153 48 48
3484 102 48 48
351 2021 48 48
356 1868 48 48
410 1886 48 48
429 1430 48 48
44 2192 48 48
45 1823 48 48
461 1356 48 48
490 1490 48 48
510 1762 48 48
564 1363 48 48
571 1888 48 48
5 2140 48 48
603 1843 48 48
604 1623 48 48
611 1440 48 48
626 1685 48 48
683 1537 48 48
68 1990 48 48
714 1503 48 48
720 1606 48 48
72 1518 48 48
799 2307 36 36
803 1622 48 48
843 2540 48 48
851 2283 48 48
866 1807 48 48
876 2322 36 36
87 1623 48 48
87 2191 48 48
888 1771 48 48
897 2274 48 48
960 1618 36 36
971 1667 36 36
980 2184 48 48
99 1361 48 48
