81
1008 1667 48 48
1035 1931 48 48
1064 2251 48 48
1075 2095 48 48
1098 1596 48 48
1128 2044 48 48
1130 1830 48 48
1149 2178 48 48
114 1908 48 48
1163 2010 48 48
1182 2399 48 48
1197 1609 48 48
124 1672 48 48
1250 1740 60 60
1311 2115 48 48
1488 1926 48 48
1544 1689 60 60
1570 1736 60 60
1572 1493 60 60
1586 1879 60 60
16 1763 48 48
1704 1266 60 60
173 1696 48 48
1763 1571 48 48
1774 1701 60 60
1859 888 48 48
1871 1664 60 60
1919 1495 60 60
197 1394 48 48
2018 1262 48 48
2054 714 48 48
2059 647 60 60
2080 681 60 60
235 1792 48 48
2520 838 48 48
262 1945 48 48
2664 710 48 48
279 1363 48 48
2933 508 48 48
306 1416 48 48
3155 548 48 48
3246 486 48 48
3373 598 48 48
3443 563 48 48
346 1144 48 48
3785 650 48 48
399 1552 48 48
407 1639 48 48
423 1526 48 48
425 1705 48 48
432 1464 48 48
433 1353 48 48
440 1663 48 48
454 1228 48 48
499 1233 48 48
49 1510 48 48
618 1495 48 48
638 1228 48 48
696 2039 48 48
702 2227 48 48
708 1960 48 48
717 1335 48 48
726 1838 60 60
726 2339 48 48
730 2369 48 48
761 1246 48 48
769 1302 48 48
777 2316 48 48
794 1330 48 48
847 2280 48 48
855 2392 48 48
85 1855 48 48
886 2329 48 48
89 1560 48 48
8 1448 48 48
90 1085 48 48
911 2152 60 60
920 1839 48 48
932 1961 48 48
960 1574 48 48
999 2244 48 48
