62
1004 2121 48 48
1043 1381 48 48
106 1265 48 48
1074 2112 48 48
107 1837 48 48
1089 1286 48 48
1114 2055 48 48
115 1168 48 48
1164 1782 48 48
1191 1276 48 48
1254 2087 48 48
1285 1725 60 60
1318 1779 60 60
1343 1862 60 60
1373 1966 60 60
1383 1649 60 60
1436 1855 60 60
1460 1934 48 48
1466 1684 60 60
1485 1439 48 48
1493 1739 48 48
1493 1875 48 48
1500 1480 60 60
1560 1718 60 60
1634 1748 60 60
1657 1555 60 60
1680 1386 60 60
1740 2166 48 48
1804 1326 60 60
2017 1204 60 60
2045 1348 60 60
2133 907 48 48
2163 517 48 48
2165 1058 60 60
219 1836 48 48
220 1290 48 48
221 1511 48 48
229 905 48 48
2737 595 60 60
2783 683 60 60
2994 467 60 60
30 1625 48 48
3132 524 48 48
3225 602 60 60
336 984 48 48
3384 576 60 60
366 1227 48 48
3681 582 48 48
39 1568 48 48
448 1546 48 48
528 1880 48 48
538 1015 48 48
597 1258 48 48
602 1356 48 48
740 1877 48 48
74 1668 48 48
780 2304 48 48
831 1167 48 48
863 2215 48 48
881 1096 48 48
959 2158 48 48
959 2254 48 48
