76
1015 1688 48 48
1024 2154 48 48
1041 2324 48 48
1053 1776 48 48
1058 1819 48 48
1059 2100 48 48
1079 2023 48 48
1107 1757 48 48
1219 2725 48 48
1380 1731 48 48
1414 2758 60 60
1434 1732 48 48
143 2306 48 48
143 2371 48 48
1458 2260 48 48
1461 1786 48 48
1517 2399 48 48
1543 1983 48 48
1549 1729 48 48
1552 1659 48 48
1593 2184 48 48
1600 2448 48 48
1612 2097 48 48
1632 2479 48 48
1651 1499 48 48
1651 1740 48 48
1689 2065 48 48
1697 1647 48 48
1712 2146 48 48
1759 2192 48 48
1763 1578 48 48
1797 2015 48 48
1820 1725 48 48
1856 2041 48 48
1878 1683 48 48
1896 2276 48 48
1920 896 48 48
1990 1663 48 48
2006 1611 48 48
2038 1402 48 48
2123 1486 48 48
2129 761 60 60
2153 697 60 60
2468 228 48 48
2514 181 48 48
2594 223 60 60
2645 114 60 60
266 2691 48 48
278 2589 48 48
2790 210 60 60
2799 162 60 60
2918 192 48 48
326 2681 48 48
336 2212 48 48
40 1928 48 48
427 2382 48 48
462 2512 48 48
467 2608 48 48
492 1941 48 48
517 2427 48 48
519 2256 48 48
535 2123 48 48
562 1799 48 48
576 2622 48 48
609 2752 48 48
639 2203 48 48
647 1843 48 48
684 1757 48 48
748 2090 48 48
751 2268 48 48
816 2237 48 48
888 1711 48 48
961 2387 48 48
977 2068 48 48
986 2331 48 48
996 2293 48 48
