85
1084 845 48 48
1315 953 48 48
1353 987 48 48
1512 1036 48 48
1666 1290 48 48
1668 1051 60 60
1779 1287 48 48
1876 1539 48 48
1892 1511 48 48
1914 1476 48 48
1966 1568 48 48
1977 1629 48 48
2030 1590 48 48
2031 1490 48 48
2066 1456 48 48
2070 1573 48 48
2169 1434 48 48
2169 1504 48 48
2180 1712 48 48
2227 1612 48 48
2255 1509 48 48
2284 1754 48 48
2315 1652 48 48
2335 1713 48 48
2335 1755 48 48
2352 1454 48 48
2413 1415 48 48
2430 1703 48 48
2460 1769 48 48
2461 1965 60 60
2482 1861 48 48
2508 1601 48 48
2576 1740 60 60
2590 1998 48 48
2614 1356 36 36
2627 1649 60 60
2659 2007 48 48
2679 1785 48 48
2685 1926 60 60
2695 1708 48 48
2712 1490 48 48
2734 2007 48 48
2766 1724 60 60
2783 1943 48 48
2796 2048 48 48
2812 1956 48 48
2893 1932 48 48
2894 1900 48 48
2906 2219 48 48
2912 2034 48 48
2924 2155 48 48
2929 1658 60 60
2947 2235 60 60
2966 2056 48 48
2966 2129 48 48
2971 2195 48 48
2999 1990 48 48
3006 1763 48 48
3010 1719 48 48
3019 1855 48 48
3020 1890 60 60
3026 2040 60 60
3064 2298 48 48
3082 1406 60 60
3099 1988 60 60
3105 2120 48 48
3115 1814 48 48
3130 2231 60 60
3137 2123 48 48
3138 2066 60 60
3170 2101 48 48
3171 2186 48 48
3210 1615 48 48
3210 2058 60 60
3240 1639 60 60
3253 1256 36 36
3267 2122 60 60
3334 2071 60 60
3335 1731 60 60
3414 1979 60 60
3503 1932 48 48
3585 2022 48 48
3775 1725 60 60
905 838 48 48
928 897 48 48
