87
1009 1074 24 24
1013 890 36 36
1019 824 36 36
1024 1025 36 36
1040 981 36 36
1058 1157 24 24
1070 1212 24 24
1071 974 36 36
1087 1233 24 24
1101 974 36 36
1104 1023 24 24
1109 1045 36 36
1129 1260 36 36
1142 1175 36 36
1167 1208 24 24
1171 988 24 24
1175 1025 24 24
1188 985 36 36
1203 927 36 36
1221 1356 24 24
1225 1103 24 24
1232 1333 24 24
1234 1277 24 24
1238 1305 36 36
1253 1034 24 24
1255 1163 36 36
1260 1283 24 24
1270 1354 24 24
1274 1044 24 24
1274 1372 24 24
1299 1348 24 24
1302 1115 24 24
1305 926 36 36
1307 1299 24 24
1310 1174 24 24
1333 1323 36 36
1337 1274 24 24
1368 1183 36 36
1383 1137 24 24
1394 1213 36 36
1406 1261 24 24
1407 1154 24 24
1438 1127 36 36
1460 859 24 24
1478 992 24 24
1490 1070 24 24
154 757 36 36
218 776 36 36
253 817 24 24
267 799 24 24
290 849 24 24
323 769 24 24
326 785 24 24
335 851 24 24
337 873 24 24
379 846 24 24
384 863 24 24
435 794 36 36
435 901 24 24
495 991 24 24
521 878 36 36
592 980 24 24
636 997 36 36
659 1153 36 36
667 952 24 24
677 997 24 24
690 1053 24 24
691 927 36 36
718 1059 36 36
737 1016 24 24
737 983 36 36
73 839 36 36
766 939 24 24
790 1108 36 36
810 959 24 24
816 913 36 36
835 1090 24 24
890 984 36 36
892 907 36 36
895 1121 36 36
902 1169 24 24
905 1206 24 24
907 1082 24 24
912 1055 36 36
913 1034 24 24
924 1087 24 24
954 842 24 24
