70
1094 1391 48 48
1107 1293 60 60
1188 1385 48 48
1312 1392 48 48
1395 1383 48 48
1424 1325 60 60
1436 1557 60 60
1454 1666 48 48
1519 1816 60 60
1533 1713 60 60
1581 1662 48 48
1639 1820 48 48
1663 1720 48 48
1686 1909 48 48
1815 1379 60 60
1837 1945 48 48
1902 1446 60 60
1914 1990 48 48
1959 1967 48 48
2000 1932 48 48
2016 2017 60 60
2077 2155 60 60
2154 2163 48 48
2194 2067 60 60
2255 2214 60 60
2299 2088 48 48
2313 2122 48 48
2323 2257 48 48
2327 1591 60 60
2350 2223 48 48
2351 2117 48 48
2359 2165 48 48
2386 2124 48 48
2404 2095 48 48
2415 2248 48 48
2437 2056 48 48
2465 1908 48 48
2472 2357 48 48
2500 2114 48 48
2510 2244 48 48
2521 2048 48 48
2525 1927 60 60
2541 1726 60 60
2575 2199 48 48
2615 2202 48 48
2651 2211 60 60
2668 1933 48 48
2670 2257 60 60
2682 2070 48 48
2692 1872 48 48
2696 2034 48 48
2700 1802 48 48
2703 2298 60 60
2708 2343 60 60
2774 2239 48 48
2781 2334 48 48
2791 2382 48 48
2795 1994 60 60
2875 2428 48 48
2876 2246 60 60
2895 2185 48 48
2923 2301 48 48
2932 2015 48 48
2935 2128 48 48
3026 2204 60 60
3054 1885 60 60
3324 1827 48 48
527 1264 60 60
670 1187 60 60
916 1227 60 60
