54
1000 1511 36 36
1012 1776 48 48
1014 1572 48 48
1038 1614 36 36
1055 1797 48 48
1061 1749 36 36
1095 1551 48 48
1141 1798 48 48
1232 1565 48 48
1289 1802 48 48
1405 1568 48 48
1423 1794 48 48
1510 1770 48 48
1594 1893 48 48
1612 1774 48 48
1625 2157 48 48
1857 1744 36 36
1946 2287 48 48
1962 1930 48 48
1986 2027 48 48
1999 1893 36 36
2008 2221 36 36
2011 1671 36 36
2086 2265 60 60
2130 1945 48 48
2155 2269 60 60
2170 1725 48 48
2239 2088 36 36
2246 2127 48 48
2252 2011 48 48
2255 2282 48 48
2344 2448 60 60
2373 2244 60 60
2433 2507 60 60
2440 2168 48 48
2463 2134 48 48
2474 1897 36 36
2586 2058 36 36
2586 2537 48 48
2634 2354 48 48
2653 2038 36 36
2660 2312 48 48
2665 2277 48 48
2684 1879 48 48
2790 1946 48 48
3095 1701 48 48
3124 2999 48 48
3791 1253 48 48
620 1313 60 60
755 1421 60 60
764 1339 60 60
842 1319 48 48
854 1460 60 60
975 1523 48 48
