85
1068 994 48 48
1088 1173 48 48
1104 1065 48 48
1177 929 48 48
1226 911 48 48
1244 952 36 36
1305 1143 36 36
1321 1290 48 48
1347 1310 48 48
1360 1259 48 48
1395 1123 36 36
1409 1634 48 48
1410 1381 48 48
1430 1253 48 48
1434 1141 48 48
1435 1109 48 48
1483 1339 48 48
1515 1485 48 48
1555 1216 48 48
1658 1634 48 48
1684 1568 36 36
1716 1374 48 48
1790 1655 48 48
1841 1079 60 60
1848 1704 48 48
1878 1616 48 48
1938 1701 48 48
2009 1163 60 60
2009 1708 48 48
2020 1803 48 48
2093 1784 48 48
2141 1793 48 48
2163 1713 48 48
2248 1146 48 48
2263 1846 48 48
2271 1894 48 48
2276 1649 48 48
2328 1837 48 48
2338 1742 48 48
2357 2048 48 48
2410 1957 48 48
2422 1415 36 36
2431 1864 48 48
2435 1746 48 48
2523 1888 48 48
2536 1838 48 48
2537 1567 48 48
2564 2042 48 48
2569 1465 36 36
2590 1294 48 48
2606 1341 48 48
2624 2018 48 48
2632 1936 48 48
2633 2175 48 48
2642 1690 48 48
2659 1657 36 36
2660 1891 48 48
2667 1598 48 48
2703 1950 48 48
2708 1772 36 36
2709 1809 36 36
2728 1984 48 48
2752 2002 48 48
2772 2151 48 48
2821 1888 48 48
2823 1352 60 60
2829 1850 48 48
2835 1704 48 48
2850 2169 48 48
2895 1693 48 48
2968 2050 48 48
3076 2005 48 48
3176 991 48 48
3236 1279 48 48
368 617 48 48
554 683 48 48
559 644 36 36
595 645 36 36
698 707 48 48
802 865 48 48
812 750 48 48
883 769 48 48
891 708 48 48
918 811 48 48
981 732 48 48
