113
1171 1098 48 48
1193 1353 48 48
1212 1406 48 48
1264 1378 48 48
1274 1312 36 36
1299 1291 36 36
1345 1323 36 36
1359 1423 48 48
1363 1549 36 36
1403 1148 48 48
1403 1460 36 36
1405 1234 48 48
1428 1596 48 48
1445 1643 36 36
1458 1510 36 36
1526 1679 36 36
1527 1795 48 48
1532 1938 24 24
1535 1646 36 36
1546 1988 48 48
1571 1719 36 36
1631 1643 48 48
1676 1593 48 48
1739 1549 48 48
173 1085 48 48
1805 1240 48 48
1922 1752 48 48
1925 1384 48 48
1943 1553 48 48
1950 1856 36 36
1984 1747 36 36
2048 1660 36 36
2048 1858 48 48
2091 1462 48 48
2145 1753 48 48
2164 1915 36 36
2193 1776 48 48
2215 1682 36 36
2220 1857 48 48
2269 1377 48 48
231 1017 48 48
2327 2040 48 48
2376 1978 48 48
2382 1711 48 48
2411 1909 36 36
2419 1882 36 36
2432 1745 48 48
2434 1925 48 48
2478 1703 36 36
2496 1821 48 48
2541 2109 48 48
2600 1805 48 48
2617 1201 36 36
2624 1956 48 48
2633 1322 48 48
2639 2089 48 48
2649 1857 60 60
2656 1590 60 60
2656 1981 48 48
2688 1926 60 60
2703 1993 36 36
2708 1862 60 60
2714 2057 36 36
2732 2082 36 36
2749 1916 36 36
2752 1962 36 36
2754 2133 48 48
2773 2059 36 36
2775 1170 36 36
2790 2006 36 36
2812 1895 48 48
2857 1626 48 48
2859 2052 48 48
2870 1685 48 48
2881 1968 48 48
2889 1840 48 48
2909 1429 48 48
2912 1632 48 48
2957 2096 48 48
2963 2131 48 48
2969 2176 48 48
3005 1423 48 48
3018 1315 48 48
3019 1556 48 48
3030 1850 48 48
3070 2038 36 36
3073 2086 48 48
3101 1618 48 48
3120 2081 48 48
3124 1876 48 48
3151 2043 36 36
3185 1572 48 48
3215 1411 48 48
3237 1363 48 48
3282 1194 48 48
3347 1458 48 48
3432 2045 48 48
3466 1557 48 48
3467 1357 36 36
3499 1204 48 48
3506 1581 48 48
3515 1364 48 48
3598 850 60 60
3603 1429 48 48
3641 1674 48 48
3644 837 48 48
427 2036 60 60
678 1292 48 48
830 1188 48 48
844 1137 48 48
901 1266 48 48
941 1147 48 48
994 1140 48 48
