88
1186 1305 48 48
1191 1081 48 48
1234 1255 48 48
1265 1401 48 48
1290 1291 48 48
1304 1476 48 48
1307 1142 48 48
1352 1374 48 48
1393 1255 48 48
1416 1528 36 36
1474 1639 48 48
1487 1404 48 48
1497 1191 48 48
1506 1494 48 48
1540 1425 48 48
1553 1576 48 48
1585 1689 48 48
1616 1560 48 48
1621 1791 48 48
1671 1528 48 48
1712 1811 48 48
1731 1669 48 48
1774 1516 48 48
1788 1671 48 48
1853 1991 48 48
1867 1599 48 48
1876 1644 48 48
1926 2061 48 48
1955 1742 48 48
1965 1419 48 48
1971 1696 48 48
2039 1857 48 48
207 992 48 48
2159 1810 48 48
2226 1995 48 48
2262 1206 48 48
2327 1702 48 48
2340 1963 48 48
2357 2067 48 48
2377 1878 48 48
2411 1987 48 48
2469 1658 48 48
2478 1484 36 36
2490 2067 48 48
2518 1706 48 48
2529 1998 48 48
2544 1894 48 48
2570 1568 36 36
2570 2098 36 36
2609 1906 48 48
2613 1555 36 36
2623 2112 48 48
2647 2001 60 60
2671 1860 48 48
2680 2035 48 48
2688 1916 48 48
2694 1780 48 48
2703 2305 36 36
2708 2259 48 48
2771 1939 48 48
2796 2043 36 36
2797 1547 36 36
2853 2281 48 48
2858 2154 48 48
2868 2112 48 48
2885 2409 48 48
2894 1645 48 48
2898 1466 48 48
2909 2227 48 48
2956 1857 48 48
2959 2459 60 60
2969 2306 36 36
2970 2192 48 48
2980 1980 48 48
2990 2039 48 48
3083 2226 36 36
3139 2240 48 48
3175 1976 36 36
3207 2146 36 36
3296 1824 48 48
3393 1315 60 60
3497 2257 60 60
3609 1423 48 48
3652 1149 48 48
3888 1891 48 48
3987 772 60 60
685 1020 48 48
920 1176 48 48
