81
1004 1155 48 48
1049 1211 48 48
1085 1060 48 48
1110 1256 48 48
1115 1103 48 48
1120 1312 48 48
1141 1193 48 48
1225 1425 36 36
1260 1246 48 48
1262 1433 36 36
1400 1343 48 48
1417 1401 48 48
1429 1537 48 48
1434 1613 48 48
1523 1659 48 48
1560 1605 48 48
1575 1314 48 48
1634 1519 48 48
1657 1050 48 48
1691 1793 48 48
1711 1502 48 48
1743 1762 48 48
1769 1473 48 48
1819 1882 48 48
1831 1927 48 48
1840 1795 48 48
1879 1504 60 60
1907 1791 48 48
1924 1062 48 48
1929 1896 60 60
1989 1515 48 48
1991 1947 48 48
2000 1987 36 36
2001 1823 48 48
2074 2057 48 48
2177 1835 48 48
2186 1464 60 60
2234 1969 48 48
2243 1080 60 60
2251 1834 48 48
2284 1171 60 60
2310 2058 48 48
2340 2029 48 48
2397 1948 36 36
2407 1979 36 36
2497 1882 48 48
2598 1946 48 48
2623 2268 36 36
2642 2033 48 48
2659 2126 48 48
2695 1984 48 48
2731 2052 36 36
2761 1887 48 48
2762 2180 48 48
2817 2431 48 48
2831 2152 48 48
2887 2341 36 36
2911 2234 48 48
2934 1826 48 48
2996 2492 48 48
3053 2242 48 48
3076 2343 60 60
3127 1933 48 48
3130 1774 36 36
3193 2062 48 48
3217 2023 36 36
3236 1899 48 48
3237 2126 48 48
3361 2407 60 60
3378 2178 48 48
3462 1983 36 36
3474 2303 48 48
3497 1285 60 60
3507 1882 36 36
3530 1448 36 36
3538 1736 36 36
3598 1468 60 60
3622 1799 48 48
3631 1146 60 60
3958 1704 48 48
569 1043 48 48
