72
1059 1028 48 48
1165 1098 48 48
1251 1284 48 48
1317 1399 48 48
1329 1123 48 48
1408 1396 48 48
1449 1132 48 48
1449 1273 48 48
1454 1488 36 36
1466 1502 48 48
1512 451 48 48
1549 1628 48 48
1594 1679 48 48
1614 1377 48 48
1643 1356 48 48
1712 1677 48 48
1769 1619 48 48
1805 1504 48 48
1901 1617 48 48
1912 1477 48 48
1925 727 60 60
1950 1873 48 48
1966 1444 48 48
1966 1691 48 48
1974 1792 48 48
1979 1887 48 48
2034 1734 48 48
2150 1540 48 48
2224 934 48 48
2251 1664 48 48
2274 1574 48 48
2312 1977 48 48
2372 1585 48 48
2412 1973 48 48
2567 1976 48 48
2600 1586 48 48
2606 2195 36 36
2750 1884 48 48
2754 1682 48 48
2762 2254 36 36
2774 1625 48 48
2813 2346 48 48
2828 1743 48 48
2845 1972 48 48
2879 2371 48 48
2907 2191 48 48
2910 1959 36 36
2939 2106 48 48
2941 2374 48 48
2943 1645 48 48
2965 1973 48 48
2975 2219 48 48
3015 2590 48 48
3023 1995 48 48
3023 2257 48 48
3107 2302 48 48
3137 2242 36 36
3138 1787 48 48
3145 1942 48 48
3166 2299 36 36
3258 1660 48 48
3316 2201 48 48
3329 2081 48 48
3527 1322 48 48
3553 2012 48 48
3566 2193 48 48
3722 1320 48 48
376 1056 48 48
3785 2054 60 60
3787 1643 36 36
3863 1917 48 48
739 869 60 60
