86
1173 940 48 48
1224 1200 60 60
1235 1031 60 60
1235 832 48 48
1238 1142 48 48
1276 938 48 48
1307 1036 48 48
1379 1258 48 48
1391 960 48 48
1444 1341 48 48
1461 1292 48 48
1483 1421 48 48
1567 1816 60 60
1661 1531 48 48
1670 1614 48 48
1680 1281 60 60
1745 23 60 60
1803 1448 48 48
1872 1238 24 24
1899 1405 48 48
1901 1623 36 36
1901 1810 36 36
1930 1580 48 48
1995 1286 60 60
1997 1683 48 48
2014 1808 48 48
2078 1543 48 48
2120 1881 60 60
2183 1527 48 48
2200 1916 48 48
2287 1405 48 48
2323 1782 48 48
2390 1860 48 48
2435 1831 48 48
2506 2116 48 48
2536 1992 60 60
2608 1992 60 60
2660 2297 36 36
2700 1955 48 48
2703 2144 48 48
2722 1845 48 48
2775 1868 48 48
2830 1657 48 48
2891 1856 48 48
2954 2099 48 48
2958 2506 48 48
2967 2352 48 48
2985 2635 36 36
3006 1937 48 48
3077 2205 48 48
3094 2639 36 36
3095 2113 48 48
3103 1759 48 48
3152 2183 48 48
3158 1704 48 48
3165 2506 48 48
3191 2038 48 48
3192 2669 48 48
3303 1705 48 48
3309 1948 36 36
3329 1889 48 48
336 693 48 48
3414 2710 36 36
3427 2552 36 36
3433 2496 48 48
3444 2579 36 36
3542 2072 48 48
3550 1474 48 48
3554 1517 48 48
3587 1618 48 48
3595 1289 60 60
3603 2231 36 36
3629 1724 48 48
3633 1453 48 48
3740 2419 48 48
3751 2048 48 48
3786 1836 48 48
3855 1303 48 48
395 1001 48 48
3976 2094 48 48
3980 1927 48 48
441 1077 48 48
501 794 48 48
532 800 48 48
907 1107 48 48
935 734 48 48
