77
1235 1052 48 48
1280 908 48 48
1281 952 36 36
1298 975 36 36
1305 1211 48 48
1329 1251 48 48
1349 1105 48 48
1427 1001 48 48
1488 1400 48 48
1519 1274 48 48
1565 1524 48 48
1567 1398 48 48
1577 1208 60 60
1600 1449 48 48
1652 1866 60 60
165 1236 60 60
1660 1552 60 60
1720 1445 48 48
1729 1534 48 48
1769 1782 48 48
1858 1457 36 36
1944 1600 48 48
2027 1302 48 48
2038 1268 48 48
2045 1794 48 48
2227 1715 60 60
2229 1448 48 48
2245 1501 48 48
2250 1901 48 48
2279 1575 48 48
2342 1735 60 60
2360 1546 48 48
2363 1908 60 60
2690 2046 48 48
2796 2085 48 48
2852 1698 48 48
2876 1731 60 60
2883 2218 60 60
2888 1816 60 60
2932 1881 48 48
2951 2156 48 48
2973 2049 48 48
2984 2362 48 48
2989 1754 48 48
2992 1956 60 60
3025 1780 48 48
3032 2128 48 48
3086 1721 48 48
3102 2325 48 48
3149 2028 48 48
3154 2180 48 48
3160 2084 60 60
3163 1785 48 48
3217 2392 36 36
3258 2325 48 48
3290 2520 36 36
3304 2342 48 48
3312 2489 36 36
3337 1772 48 48
3365 1731 48 48
3367 2070 48 48
3396 2399 36 36
3425 1433 48 48
346 837 48 48
3479 2408 36 36
3481 1520 48 48
3526 1808 48 48
3536 1305 48 48
3634 1196 48 48
3709 2362 36 36
3737 2040 36 36
3763 1376 60 60
3787 1961 36 36
3866 722 48 48
430 849 48 48
599 750 48 48
972 713 48 48
