86
1088 1197 48 48
1148 1030 48 48
1210 1163 48 48
1218 962 36 36
1246 1327 48 48
1256 1387 48 48
1303 1449 36 36
1314 1481 48 48
1341 942 48 48
1384 1446 48 48
1445 1128 48 48
1455 1371 48 48
1469 1238 48 48
1491 1445 60 60
1494 1628 48 48
1515 913 48 48
1565 1689 48 48
1601 1302 48 48
1610 1473 48 48
1661 1768 48 48
1700 1650 60 60
1749 1497 48 48
1756 1678 48 48
1785 1348 60 60
182 936 60 60
1849 2171 48 48
1888 1422 48 48
1910 1378 36 36
1919 1597 60 60
1958 1684 48 48
1962 954 48 48
2001 1547 60 60
2004 1218 48 48
2006 2103 48 48
2222 1813 48 48
2289 1944 48 48
2424 1834 48 48
2699 1826 48 48
2701 2235 36 36
2765 1914 36 36
2781 1889 36 36
2782 1952 48 48
2821 2530 48 48
2859 2009 36 36
2892 2473 48 48
2897 1733 48 48
2932 1717 36 36
2943 1765 48 48
2972 2538 48 48
2979 1947 60 60
3004 2231 48 48
3037 1886 48 48
3065 2641 36 36
3071 2523 48 48
307 840 60 60
3089 1949 48 48
309 747 48 48
3203 1448 48 48
3210 1599 48 48
3296 2107 48 48
3322 1821 48 48
3353 1552 48 48
3370 2302 36 36
3430 1719 48 48
3455 1670 36 36
3456 1461 48 48
3479 1296 48 48
3503 1514 48 48
3546 2017 48 48
3609 1969 48 48
3623 1191 48 48
3658 2161 36 36
3663 1604 48 48
3691 2033 48 48
3716 1994 48 48
3738 1147 48 48
3753 1355 48 48
3762 1985 36 36
3769 982 48 48
3796 1214 48 48
3807 2207 36 36
3831 2148 36 36
3853 841 60 60
3918 2276 36 36
861 920 48 48
870 1064 60 60
