48
361 996 24 24
379 911 24 24
384 820 24 24
384 869 24 24
412 813 24 24
424 831 24 24
450 311 24 24
451 736 24 24
471 727 24 24
500 106 24 24
501 499 24 24
504 169 24 24
512 676 24 24
523 725 24 24
531 408 24 24
534 159 24 24
534 511 24 24
548 465 24 24
553 676 24 24
554 639 24 24
561 501 24 24
568 406 24 24
568 651 24 24
588 494 24 24
591 184 24 24
592 376 24 24
600 135 24 24
607 72 24 24
609 215 24 24
611 297 24 24
622 0 24 24
627 94 24 24
628 298 24 24
628 349 24 24
635 285 24 24
650 300 24 24
654 76 24 24
658 208 24 24
682 124 24 24
696 207 24 24
697 280 24 24
700 111 24 24
718 158 24 24
725 272 24 24
741 306 24 24
752 245 24 24
777 179 24 24
792 226 24 24
