56
1100 620 48 48
1108 861 48 48
1110 947 48 48
1155 1062 48 48
1194 1181 48 48
119 1140 48 48
1239 978 48 48
1246 1063 48 48
1257 1117 48 48
1315 1201 48 48
1369 1129 48 48
1394 1182 48 48
1395 981 60 60
1405 1243 48 48
1448 1159 48 48
1463 1514 60 60
1482 645 48 48
1493 1025 48 48
1569 1471 48 48
1614 1569 60 60
1628 1166 48 48
1675 1207 48 48
1676 1438 48 48
1700 1577 48 48
1768 1604 36 36
1859 1482 48 48
1869 1355 48 48
1893 1450 48 48
1971 1532 48 48
2004 1575 48 48
2021 1649 48 48
2042 1543 48 48
2127 1389 48 48
2144 1733 48 48
2235 1920 36 36
2677 1667 48 48
2851 1640 48 48
2896 1527 48 48
2985 1579 48 48
3091 1689 48 48
3104 1833 48 48
3128 1682 36 36
3273 1596 48 48
3291 1269 48 48
3302 2448 36 36
3333 1725 48 48
3336 1360 48 48
3413 1069 60 60
3415 1460 48 48
3743 843 60 60
3805 894 60 60
3823 754 60 60
499 609 48 48
906 544 48 48
915 690 48 48
952 818 48 48
