79
1027 1139 60 60
102 1000 60 60
1083 1206 60 60
1088 1314 60 60
1150 1292 60 60
1180 1314 60 60
1269 1264 60 60
1333 1389 60 60
1352 1109 60 60
1397 1389 60 60
1463 1450 60 60
1483 1342 60 60
1491 1303 60 60
1513 1128 60 60
1547 1531 60 60
1577 1703 60 60
1655 1417 60 60
1691 1381 60 60
1694 1648 60 60
1738 1586 60 60
1830 1395 60 60
1850 1845 60 60
189 873 60 60
1916 1359 60 60
1927 1300 60 60
2796 1925 60 60
2808 1775 60 60
2822 1689 60 60
2827 1884 60 60
2849 1967 60 60
2893 2103 60 60
2938 1717 60 60
2971 1900 60 60
2977 2075 60 60
2996 2117 60 60
3050 1809 60 60
305 1048 60 60
3167 1903 60 60
3184 1489 60 60
3200 1689 60 60
3211 1586 60 60
3212 1917 60 60
3212 1989 60 60
3302 2228 60 60
3348 1789 60 60
3359 1403 60 60
3370 1367 60 60
3384 1942 60 60
3409 1559 60 60
3428 1600 60 60
3457 1886 60 60
3457 2041 60 60
3496 2121 60 60
3519 1592 60 60
3523 1450 60 60
3530 1911 60 60
3538 1868 60 60
3573 1234 60 60
3585 2049 60 60
3591 1807 60 60
3609 1259 60 60
3638 2024 60 60
3647 1575 60 60
3672 1406 60 60
3685 2013 60 60
3691 1506 60 60
3719 1453 60 60
3722 1648 60 60
3736 1575 60 60
3775 1375 60 60
3780 1893 60 60
3786 1673 60 60
380 1086 60 60
3866 1303 60 60
3880 1117 60 60
3936 1150 60 60
3939 1431 60 60
538 1206 60 60
588 950 60 60
