64
1018 1257 36 36
1049 1162 24 24
1082 1171 24 24
1097 1398 24 24
1105 1005 36 36
1105 1340 24 24
1114 1041 36 36
1125 1302 24 24
1127 1418 36 36
1151 1368 24 24
1153 977 24 24
1155 1346 24 24
1157 1403 24 24
1179 1351 36 36
1192 1076 24 24
1200 1399 36 36
1201 1386 24 24
1208 1303 24 24
1220 1149 24 24
1222 915 36 36
1232 1040 36 36
1260 1194 36 36
1269 1338 24 24
1276 1107 36 36
1283 1342 36 36
1284 1020 36 36
1318 1181 36 36
131 907 24 24
1357 1110 24 24
1370 982 24 24
137 893 24 24
1397 1077 24 24
1440 1030 36 36
154 899 24 24
183 920 24 24
187 935 36 36
20 835 24 24
280 1157 36 36
416 737 36 36
464 1076 24 24
468 1048 24 24
534 1034 36 36
569 1072 24 24
599 1117 24 24
624 1084 36 36
651 1013 24 24
655 978 36 36
667 891 36 36
705 1133 24 24
732 955 24 24
736 1142 36 36
749 1065 36 36
751 876 36 36
764 952 36 36
867 1055 24 24
897 1058 36 36
935 999 24 24
945 943 36 36
964 1277 36 36
966 1167 36 36
96 823 36 36
990 1142 36 36
998 1033 24 24
999 1061 24 24
