46
293 823 24 24
320 869 24 24
325 891 24 24
341 868 24 24
344 835 24 24
372 933 24 24
374 843 24 24
382 338 24 24
394 824 24 24
417 765 24 24
447 637 24 24
453 567 24 24
455 459 36 36
457 709 24 24
484 650 24 24
488 627 24 24
531 460 24 24
537 508 24 24
544 551 24 24
554 584 24 24
583 531 24 24
589 356 24 24
613 532 24 24
617 467 24 24
619 353 24 24
638 502 24 24
641 289 24 24
655 232 24 24
662 407 24 24
683 190 24 24
686 304 24 24
697 269 24 24
714 268 24 24
748 90 24 24
749 0 24 24
759 324 24 24
762 193 24 24
772 253 24 24
778 160 24 24
787 63 24 24
791 108 24 24
792 223 24 24
813 202 24 24
819 154 24 24
867 123 24 24
928 48 24 24
