66
1052 1240 24 24
1073 1104 36 36
1080 1244 24 24
1111 1166 36 36
1131 1353 24 24
1132 1270 24 24
1148 1373 24 24
1160 1169 36 36
1164 1391 24 24
1167 1532 24 24
1172 1514 24 24
1185 1479 24 24
1194 1241 36 36
1203 1483 36 36
1212 1453 36 36
1213 1374 24 24
1215 1311 24 24
1227 1564 24 24
1234 1200 24 24
1243 1373 24 24
1247 1388 36 36
1249 1284 24 24
1254 1239 24 24
1269 1468 36 36
1276 1279 24 24
1299 1149 48 48
1308 1222 24 24
1310 1093 36 36
1318 1350 36 36
1327 1254 24 24
1349 1261 24 24
1361 974 36 36
1380 1144 24 24
1406 1157 24 24
1409 1280 36 36
1460 1231 24 24
1469 1345 36 36
354 927 24 24
418 917 36 36
419 1090 36 36
464 1123 36 36
470 747 36 36
472 1074 24 24
482 1019 36 36
497 1139 24 24
523 1151 24 24
529 1047 36 36
535 995 36 36
537 1116 36 36
540 1071 36 36
563 1136 24 24
591 1214 36 36
620 1059 36 36
622 1219 24 24
622 1242 24 24
642 1203 36 36
654 1076 36 36
658 1240 36 36
660 1161 24 24
701 1079 24 24
705 1095 36 36
749 1091 36 36
765 1075 24 24
843 1239 36 36
885 1337 36 36
981 1240 24 24
